%time,field.sys_time,field.q0,field.q1,field.dq0,field.dq1,field.sac0,field.u0
1463677930849153156,0.0,0.0,0.0,0.0,0.0,0.0,3.72029924393
1463677930874246422,0.0166666675359,3.14110779762,-0.23038212955,-0.0290911514312,0.0292189065367,0.0,3.72029924393
1463677930893336106,0.0500000007451,3.13989424706,-0.229157045484,-0.043728493154,0.0442861095071,0.0,3.72029924393
1463677930920580924,0.0833333358169,3.13944792747,-0.22868219018,0.0169521868229,-0.0157946124673,0.0,3.72029924393
1463677930953805865,0.116666667163,3.1398434639,-0.229028731585,0.00678053824231,-0.00499757286161,0.0,3.72029924393
1463677930987840199,0.15000000596,3.1387963295,-0.227907821536,-0.0696099027991,0.0722521468997,0.0,3.72029924393
1463677931021912435,0.183333337307,3.13485312462,-0.223846077919,-0.166972205043,0.171452000737,0.0,3.72029924393
1463677931089269542,0.216666668653,3.12906980515,-0.217855960131,-0.180025741458,0.187955439091,0.0,3.72029924393
1463677931094331323,0.25,3.12544488907,-0.2138877213,-0.0374745391309,0.0501383878291,0.0,3.72029924393
1463677931120498125,0.283333331347,3.12534046173,-0.213273763657,0.0312010329217,-0.0133009264246,0.0,3.72029924393
1463677931154285231,0.316666662693,3.12520980835,-0.212456449866,-0.0390301607549,0.062340259552,0.0,3.72029924393
1463677931188381171,0.34999999404,3.12207722664,-0.208444669843,-0.148923128843,0.178366750479,0.0,3.72029924393
1463677931223384019,0.383333325386,3.1081931591,-0.193414479494,-0.684124708176,0.723444283009,0.0,3.72029924393
1463677931275540064,0.416666656733,3.06614780426,-0.149705395103,-1.83859634399,1.89910054207,0.0,3.72029924393
1463677931286467899,0.449999988079,3.00441336632,-0.0853191614151,-1.86546623707,1.96407365799,0.0,3.72029924393
1463677931322506636,0.483333319426,2.93649721146,-0.013041516766,-2.20950818062,2.37258505821,0.0,3.72029924393
1463677931354691589,0.516666650772,2.83823800087,0.0928103253245,-3.68603801727,3.97852563858,0.0,3.72029924393
1463677931387927443,0.550000011921,2.74207210541,0.199016243219,-2.08392310143,2.39382886887,0.0,3.72029924393
1463677931421294592,0.583333313465,2.67286729813,0.281112968922,-2.06836819649,2.53197598457,0.0,3.72029924393
1463677931491391837,0.616666674614,2.60987520218,0.361762613058,-1.71115005016,2.30700182915,0.0,3.72029924393
1463677931497288333,0.649999976158,2.55663609505,0.437638103962,-1.48319661617,2.24552726746,0.0,3.72029924393
1463677931521694544,0.683333337307,2.51278996468,0.509500741959,-1.14758241177,2.06622982025,0.0,3.72029924393
1463677931554767187,0.716666638851,2.45237517357,0.610390901566,-2.47730088234,3.98717975616,0.0,3.72029924393
1463677931588099807,0.75,2.3952832222,0.713980853558,-0.94821369648,2.22821974754,0.0,3.72029924393
1463677931621483576,0.783333361149,2.36857676506,0.786695897579,-0.65417098999,2.1346821785,0.0,3.72029924393
1463677931677223355,0.816666662693,2.3487432003,0.860517084599,-0.535848855972,2.29458975792,0.0,3.72029924393
1463677931688133862,0.850000023842,2.33633947372,0.934781432152,-0.208377793431,2.16127038002,0.0,3.72029924393
1463677931721438409,0.883333325386,2.32616829872,1.01722955704,-0.401886940002,2.78561496735,0.0,3.72029924393
1463677931754561973,0.916666686535,2.32313871384,1.10068261623,0.220105394721,2.22157144547,0.0,3.72029924393
1463677931787420179,0.949999988079,2.33487200737,1.17407381535,0.483895897865,2.18190050125,0.0,3.72029924393
1463677931822082244,0.983333349228,2.3515484333,1.25159418583,0.516691684723,2.46932339668,0.0,3.72029924393
1463677931887603487,1.01666665077,2.37394714355,1.3319722414,0.827232897282,2.35335564613,0.0,3.72029924393
1463677931893427491,1.04999995232,2.42686533928,1.38060700893,2.34786224365,0.564731657505,0.0,3.72029924393
1463677931920903655,1.08333337307,2.51328873634,1.39321637154,2.8375389576,0.191831722856,0.0,3.72029924393
1463677931954397053,1.11666667461,2.61089420319,1.39946234226,3.01878523827,0.182924717665,0.0,3.72029924393
1463677931987525407,1.14999997616,2.71800112724,1.40096974373,3.40763497353,-0.0924816951156,0.0,3.72029924393
1463677932021302975,1.1833332777,2.83381080627,1.39748668671,3.54094743729,-0.116502352059,0.0,3.72029924393
1463677932082919001,1.21666669846,2.96370816231,1.3826174736,4.25289344788,-0.775650143623,0.0,3.72029924393
1463677932086393639,1.25,3.1033782959,1.35933423042,4.12730741501,-0.621340990067,0.0,3.72029924393
1463677932120958637,1.28333330154,3.24686193466,1.33242785931,4.4817199707,-0.993038833141,0.0,3.72029924393
1463677932153887956,1.3166667223,3.41077876091,1.28346419334,5.3532834053,-1.94478559494,0.0,3.72029924393
1463677932187535359,1.35000002384,3.57135725021,1.23550844193,4.28142023087,-0.932558059692,0.0,3.72029924393
1463677932220545806,1.38333332539,3.72430539131,1.18965196609,4.89547777176,-1.81883442402,0.0,3.72029924393
1463677932280104362,1.41666662693,3.90861392021,1.09786939621,6.16303348541,-3.68811678886,11.6571731567,3.72029924393
1463677932287068241,1.45000004768,4.08577394485,1.01193463802,4.46656131744,-1.4679684639,11.6571731567,3.72029924393
1463677932321262773,1.48333334923,4.24148464203,0.940961062908,4.87607955933,-2.79044413567,11.6571731567,3.72029924393
1463677932354067595,1.51666665077,4.41062545776,0.8170119524,5.27237844467,-4.64650535583,11.6571731567,3.72029924393
1463677932386971942,1.54999995232,4.57410097122,0.694091022015,4.53613996506,-2.72874879837,11.6571731567,3.72029924393
1463677932421091199,1.58333337307,4.71923303604,0.611421823502,4.17180395126,-2.23140263557,11.6571731567,3.72029924393
1463677932471056624,1.61666667461,4.8530292511,0.540599942207,3.85595107079,-2.01791095734,11.6571731567,3.72029924393
1463677932487456373,1.64999997616,4.97684049606,0.476820617914,3.57272958755,-1.80884861946,5.44210147858,3.72029924393
1463677932520879692,1.6833332777,5.09181451797,0.420094311237,3.32569956779,-1.59473049641,5.44210147858,3.72029924393
1463677932554288872,1.71666669846,5.19650745392,0.364235401154,2.95590043068,-1.75680351257,5.44210147858,3.72029924393
1463677932587641585,1.75,5.29643821716,0.317800164223,3.03993225098,-1.0293097496,5.44210147858,3.72029924393
1463677932620581377,1.78333330154,5.39452123642,0.285543352365,2.84505295753,-0.90610063076,5.44210147858,3.72029924393
1463677932679000396,1.8166667223,5.49041843414,0.263132959604,2.90878653526,-0.438522070646,5.44210147858,3.72029924393
1463677932686722446,1.85000002384,5.58949995041,0.256512969732,3.03609514236,0.0413222648203,0.0,3.72029924393
1463677932721435424,1.88333332539,5.68974351883,0.26087230444,2.9785194397,0.220237731934,0.0,3.72029924393
1463677932754450799,1.91666662693,5.79051494598,0.273330837488,3.06776309013,0.527275025845,0.0,3.72029924393
1463677932787450159,1.95000004768,5.88892030716,0.289318025112,2.83655023575,0.431955546141,0.0,3.72029924393
1463677932820535069,1.98333334923,5.97906923294,0.301095604897,2.57240533829,0.274699807167,0.0,3.72029924393
1463677932896304017,2.01666665077,6.06560754776,0.312597870827,2.61988902092,0.415435642004,0.0,3.72029924393
1463677932900806818,2.04999995232,6.15438938141,0.328946173191,2.7070286274,0.565462231636,0.0,3.72029924393
1463677932920378423,2.08333325386,6.23468208313,0.338370531797,2.11052846909,0.0,0.0,3.72029924393
1463677932954116927,2.1166665554,6.3055062294,0.338974148035,2.13892221451,0.0362167879939,0.0,3.72029924393
1463677932987850307,2.15000009537,6.37190198898,0.335022419691,1.84481406212,-0.273320287466,0.0,3.72029924393
1463677933020670418,2.18333339691,6.43094921112,0.322848647833,1.69801270962,-0.457106441259,0.0,3.72029924393
1463677933072743930,2.21666669846,6.47814226151,0.297145098448,1.13356852531,-1.085105896,0.0,3.72029924393
1463677933087115623,2.25,6.50198602676,0.245568484068,0.297073155642,-2.00949120522,0.0,3.72029924393
1463677933120652226,2.28333330154,6.50051403046,0.165700659156,-0.38538864255,-2.78257846832,0.0,3.72029924393
1463677933153945989,2.31666660309,6.44564771652,0.0289470609277,-2.90660858154,-5.42263698578,0.0,3.72029924393
1463677933188970553,2.34999990463,6.38611602783,-0.115054279566,-0.665281653404,-3.21744346619,0.0,3.72029924393
1463677933220554313,2.3833334446,6.36748504639,-0.219268336892,-0.452574014664,-3.03539991379,0.0,3.72029924393
1463677933274129373,2.41666674614,6.33992624283,-0.333365648985,-1.20096576214,-3.81043839455,0.0,3.72029924393
1463677933288160083,2.45000004768,6.31779146194,-0.442735671997,-0.127107948065,-2.75176382065,0.0,3.72029924393
1463677933321748354,2.48333334923,6.32986831665,-0.518333733082,0.851719558239,-1.78411984444,0.0,3.72029924393
1463677933355972791,2.51666665077,6.31614971161,-0.620230972767,-1.67485308647,-4.3297123909,0.0,3.72029924393
1463677933387812651,2.54999995232,6.29542255402,-0.729591369629,0.43121945858,-2.23191261292,0.0,3.72029924393
1463677933422279243,2.58333325386,6.31127595901,-0.802603721619,0.519990682602,-2.14882898331,0.0,3.72029924393
1463677933485001826,2.6166665554,6.33510112762,-0.867925584316,0.909520208836,-1.77048194408,0.0,3.72029924393
1463677933491633307,2.65000009537,6.37747526169,-0.915208041668,1.63292038441,-1.06646478176,0.0,3.72029924393
1463677933521035125,2.68333339691,6.41512393951,-0.968270242214,0.625999748707,-2.11727070808,0.0,3.72029924393
1463677933554530655,2.71666669846,6.45124483109,-1.0242099762,1.54127442837,-1.23911082745,0.0,3.72029924393
1463677933587491443,2.75,6.50507354736,-1.06404137611,1.68842887878,-1.15077698231,0.0,3.72029924393
1463677933622981843,2.78333330154,6.56458950043,-1.10040700436,1.88253057003,-1.03115928173,0.0,3.72029924393
1463677933677404805,2.81666660309,6.61785173416,-1.14645075798,1.31321632862,-1.73146247864,0.0,3.72029924393
1463677933708322379,2.84999990463,6.65000867844,-1.21854710579,0.61620414257,-2.59432148933,0.0,3.72029924393
1463677933720308512,2.8833334446,6.69552183151,-1.28031790257,2.11457371712,-1.11192691326,0.0,3.72029924393
1463677933754383959,2.91666674614,6.75291776657,-1.33444392681,1.32918071747,-2.13563323021,0.0,3.72029924393
1463677933788373944,2.95000004768,6.80575466156,-1.39883315563,1.84103727341,-1.7277162075,0.0,3.72029924393
1463677933820948353,2.98333334923,6.87847900391,-1.44638550282,2.52242779732,-1.12542867661,0.0,3.72029924393
1463677933875786432,3.01666665077,6.94297409058,-1.51220834255,1.34726405144,-2.82394051552,0.0,3.72029924393
1463677933887309686,3.04999995232,7.00456047058,-1.58922839165,2.34792542458,-1.79726493359,0.0,3.72029924393
1463677933921825799,3.08333325386,7.0915813446,-1.64214205742,2.87334036827,-1.37755644321,0.0,3.72029924393
1463677933954691906,3.1166665554,7.17591428757,-1.71167826653,2.1866338253,-2.79461455345,0.0,3.72029924393
1463677933987039496,3.15000009537,7.26961994171,-1.77723550797,3.43568396568,-1.13881886005,0.0,3.72029924393
1463677934024499335,3.18333339691,7.38575267792,-1.82114553452,3.53229045868,-1.49578297138,0.0,3.72029924393
1463677934084370864,3.21666669846,7.50166368484,-1.8878890276,3.42237854004,-2.50882411003,0.0,3.72029924393
1463677934103428037,3.25,7.62459421158,-1.95865368843,3.95345067978,-1.73705470562,0.0,3.72029924393
1463677934121305360,3.28333330154,7.76634311676,-1.98760461807,4.55146980286,0.0,0.0,3.72029924393
1463677934154158482,3.31666660309,7.92320013046,-2.00102591515,4.85997581482,-0.805285334587,0.0,3.72029924393
1463677934187946104,3.34999990463,8.08877563477,-2.01684713364,5.0745267868,-0.14398881793,0.0,3.72029924393
1463677934221365761,3.3833334446,8.26206016541,-2.01888465881,5.32254505157,0.0217406656593,0.0,3.72029924393
1463677934254931062,3.41666674614,8.44342708588,-2.01677703857,5.55951023102,0.104724027216,0.0,3.72029924393
1463677934298743116,3.45000004768,8.63230991364,-2.01253008842,5.77341842651,0.150081858039,0.0,3.72029924393
1463677934322237455,3.48333334923,8.82998275757,-2.01002883911,6.08696985245,0.0,0.0,3.72029924393
1463677934355092561,3.51666665077,9.0334186554,-2.00792837143,6.11916160583,0.126022458076,0.0,3.72029924393
1463677934388558737,3.54999995232,9.24048042297,-2.00552034378,6.30457782745,0.0184697844088,0.0,3.72029924393
1463677934420632739,3.58333325386,9.45161819458,-2.00563836098,6.36368322372,-0.0255609694868,0.0,3.72029924393
1463677934484635976,3.6166665554,9.66210365295,-2.00573801994,6.26541757584,0.0195853933692,0.0,3.72029924393
1463677934493067889,3.65000009537,9.86703491211,-2.00303506851,6.0304980278,0.142595440149,0.0,3.72029924393
1463677934521127392,3.68333339691,10.0665082932,-1.9999294281,5.93787097931,0.0437401048839,0.0,3.72029924393
1463677934554598991,3.71666669846,10.2602014542,-1.99789559841,5.68370580673,0.0782919749618,0.0,3.72029924393
1463677934587596470,3.75,10.4452524185,-1.99543213844,5.41938257217,0.0695156008005,0.0,3.72029924393
1463677934620692903,3.78333330154,10.6196813583,-1.99037492275,5.04635810852,0.233915433288,0.0,3.72029924393
1463677934673936928,3.81666660309,10.7826385498,-1.98282957077,4.7310500145,0.218801185489,0.0,3.72029924393
1463677934688275289,3.84999990463,10.9345788956,-1.9736174345,4.3853969574,0.333929508924,10.4833908081,3.72029924393
1463677934721562227,3.8833334446,11.0752897263,-1.95607793331,4.05723524094,0.718437612057,10.4833908081,3.72029924393
1463677934754085780,3.91666674614,11.2050113678,-1.93237531185,3.72604393959,0.703723669052,10.4833908081,3.72029924393
1463677934788187848,3.95000004768,11.3249731064,-1.90482342243,3.47168660164,0.9493881464,10.4833908081,3.72029924393
1463677934821851291,3.98333334923,11.4338760376,-1.87764108181,3.06250023842,0.681555569172,10.4833908081,3.72029924393
1463677934875789399,4.01666688919,11.5435523987,-1.82841980457,3.51806163788,2.27172064781,10.4833908081,3.72029924393
1463677934888055857,4.05000019073,11.6438407898,-1.77442216873,2.4992442131,0.968132197857,0.0,3.72029924393
1463677934920487735,4.08333349228,11.7186546326,-1.74877977371,1.98956286907,0.57041823864,0.0,3.72029924393
1463677934953376798,4.11666679382,11.7928552628,-1.7124453783,2.4624915123,1.6096394062,0.0,3.72029924393
1463677934987271328,4.15000009537,11.8603649139,-1.67337572575,1.58809268475,0.734541296959,0.0,3.72029924393
1463677935020910004,4.18333339691,11.9233951569,-1.63147902489,2.19371986389,1.77925908566,0.0,3.72029924393
1463677935054145198,4.21666669846,11.9901180267,-1.5760961771,1.80966424942,1.54371726513,0.0,3.72029924393
1463677935089396241,4.25,12.0591230392,-1.51113426685,2.33064961433,2.35399794579,0.0,3.72029924393
1463677935120437368,4.28333330154,12.1277694702,-1.43995082378,1.78809010983,1.91700422764,0.0,3.72029924393
1463677935156576886,4.31666660309,12.1859865189,-1.37514412403,1.70498204231,1.97139573097,0.0,3.72029924393
1463677935188082646,4.34999990463,12.2410364151,-1.30927681923,1.59796237946,1.98064744473,0.0,3.72029924393
1463677935220550489,4.38333320618,12.2902269363,-1.24578619003,1.35351169109,1.82878541946,0.0,3.72029924393
1463677935283333145,4.41666650772,12.338973999,-1.17963469028,1.57128310204,2.14031124115,0.0,3.72029924393
1463677935289766780,4.44999980927,12.368314743,-1.13060832024,0.189194351435,0.801266551018,0.0,3.72029924393
1463677935321046795,4.48333311081,12.388420105,-1.08877146244,1.01712036133,1.70894813538,0.0,3.72029924393
1463677935353959035,4.51666688919,12.4157266617,-1.03756761551,0.62123721838,1.3632786274,0.0,3.72029924393
1463677935387782065,4.55000019073,12.4268712997,-1.0009843111,0.0474812798202,0.831723034382,0.0,3.72029924393
1463677935422472400,4.58333349228,12.4207515717,-0.980267524719,-0.414679318666,0.411282598972,0.0,3.72029924393
1463677935492081171,4.61666679382,12.4118032455,-0.960805296898,-0.122217655182,0.756452083588,0.0,3.72029924393
1463677935494743970,4.65000009537,12.3991985321,-0.943360865116,-0.634055256844,0.29021447897,0.0,3.72029924393
1463677935521297900,4.68333339691,12.3791875839,-0.931584715843,-0.566589236259,0.41635248065,0.0,3.72029924393
1463677935554502536,4.71666669846,12.3671245575,-0.909686326981,-0.157203271985,0.897551238537,0.0,3.72029924393
1463677935587302778,4.75,12.3542060852,-0.886487722397,-0.617941260338,0.494364529848,0.0,3.72029924393
1463677935621446152,4.78333330154,12.3380050659,-0.864289581776,-0.354102402925,0.837524592876,0.0,3.72029924393
1463677935654128806,4.81666660309,12.3356218338,-0.825406432152,0.211100950837,1.49546444416,0.0,3.72029924393
1463677935687183659,4.84999990463,12.3351583481,-0.781981825829,-0.23890684545,1.11001133919,0.0,3.72029924393
1463677935720528118,4.88333320618,12.3267822266,-0.744106352329,-0.263671547174,1.16251671314,0.0,3.72029924393
1463677935754399112,4.91666650772,12.3313055038,-0.690302431583,0.535080611706,2.06572079659,0.0,3.72029924393
1463677935787533620,4.94999980927,12.3406105042,-0.628919661045,0.0232249610126,1.61724352837,0.0,3.72029924393
1463677935821085544,4.98333311081,12.3439025879,-0.571180462837,0.174323111773,1.84711110592,0.0,3.72029924393
1463677935886933203,5.01666688919,12.3417387009,-0.516551852226,-0.30416226387,1.43060255051,0.0,3.72029924393
1463677935895151829,5.05000019073,12.3976621628,-0.399997115135,3.65955972672,5.56268358231,0.0,3.72029924393
1463677935920411784,5.08333349228,12.4632825851,-0.270346730947,0.277658998966,2.21633791924,0.0,3.72029924393
1463677935955459519,5.11666679382,12.4716281891,-0.196836218238,0.223048940301,2.19429373741,0.0,3.72029924393
1463677935989611926,5.15000009537,12.5359964371,-0.0662519335747,3.63909769058,5.64076280594,0.0,3.72029924393
1463677936021677825,5.18333339691,12.5988359451,0.0634531825781,0.131237596273,2.14154434204,0.0,3.72029924393
1463677936076385713,5.21666669846,12.6513795853,0.182694301009,3.02138137817,5.01292276382,0.0,3.72029924393
1463677936087962725,5.25,12.7142858505,0.311121225357,0.752987205982,2.69269275665,0.0,3.72029924393
1463677936120946118,5.28333330154,12.7230787277,0.38351854682,-0.225387856364,1.6511464119,0.0,3.72029924393
1463677936154515476,5.31666660309,12.7489480972,0.471426337957,1.77755784988,3.62332081795,0.0,3.72029924393
1463677936188313993,5.34999990463,12.7774171829,0.559648513794,-0.0694447681308,1.67001116276,0.0,3.72029924393
1463677936222257326,5.38333320618,12.7701396942,0.609083414078,-0.367197662592,1.29608082771,0.0,3.72029924393
1463677936306750489,5.41666650772,12.7565279007,0.649786293507,-0.449520081282,1.14609146118,0.0,3.72029924393
1463677936311785084,5.44999980927,12.7559432983,0.701598167419,0.414464622736,1.96262359619,0.0,3.72029924393
1463677936321450519,5.48333311081,12.7386980057,0.734308600426,-1.44918215275,0.0,0.0,3.72029924393
1463677936354419672,5.51666688919,12.6976299286,0.740763783455,-1.01493132114,0.387312978506,0.0,3.72029924393
1463677936387201475,5.55000019073,12.6582374573,0.747429013252,-1.34860432148,0.0125988880172,0.0,3.72029924393
1463677936421181941,5.58333349228,12.6104469299,0.744592726231,-1.51883637905,-0.182776302099,0.0,3.72029924393
1463677936505649910,5.61666679382,12.5601587296,0.7386957407,-1.49841368198,-0.171042531729,0.0,3.72029924393
1463677936511798017,5.65000009537,12.5132083893,0.736116111279,-1.31864380836,0.0162669401616,0.0,3.72029924393
1463677936521391985,5.68333339691,12.4686098099,0.736387252808,-1.35725307465,0.0,0.0,3.72029924393
1463677936553828319,5.71666669846,12.4264144897,0.740072786808,-1.17448961735,0.221131056547,0.0,3.72029924393
1463677936587744255,5.75,12.385799408,0.746804833412,-1.26240932941,0.182794108987,0.0,3.72029924393
1463677936621597907,5.78333330154,12.3433914185,0.75364202261,-1.2820430994,0.227435827255,0.0,3.72029924393
1463677936683461772,5.81666660309,12.3058767319,0.767919301987,-0.968833327293,0.629202723503,0.0,3.72029924393
1463677936692901417,5.84999990463,12.2701263428,0.786821842194,-1.17623007298,0.504948616028,0.0,3.72029924393
1463677936720204595,5.88333320618,12.2299337387,0.804364800453,-1.23529052734,0.547629714012,0.0,3.72029924393
1463677936753918873,5.91666650772,12.21276474,0.850216925144,0.205128490925,2.20349860191,0.0,3.72029924393
1463677936788986073,5.94999980927,12.2066068649,0.911839723587,-0.574602305889,1.49386739731,0.0,3.72029924393
1463677936820856404,5.98333311081,12.1812200546,0.957047879696,-0.948614954948,1.21862280369,0.0,3.72029924393
1463677936887826045,6.01666688919,12.1823148727,1.0354487896,1.01434338093,3.48542809486,0.0,3.72029924393
1463677936891440392,6.05000019073,12.1962356567,1.13247168064,-0.179088816047,2.33594799042,0.0,3.72029924393
1463677936923125575,6.08333349228,12.1772289276,1.19847297668,-0.961318492889,1.62413156033,0.0,3.72029924393
1463677936954493684,6.11666679382,12.1755828857,1.28796386719,0.86254966259,3.74531888962,0.0,3.72029924393
1463677936988846754,6.15000009537,12.1740732193,1.38247799873,-0.95316940546,1.92552852631,0.0,3.72029924393
1463677937021166725,6.18333339691,12.1278028488,1.43320262432,-1.82305169106,1.11795198917,0.0,3.72029924393
1463677937070984338,6.21666669846,12.0889539719,1.49773204327,-0.507884502411,2.75380849838,0.0,3.72029924393
1463677937112152366,6.25,12.0617685318,1.58079397678,-1.12319016457,2.22991275787,0.0,3.72029924393
1463677937120039012,6.28333330154,11.9894180298,1.61795926094,-3.21786832809,0.0,0.0,3.72029924393
1463677937155355409,6.31666660309,11.9168834686,1.66478979588,-1.13418519497,2.80983495712,0.0,3.72029924393
1463677937187254586,6.34999990463,11.8581581116,1.73605966568,-2.38933300972,1.46635448933,0.0,3.72029924393
1463677937221171268,6.38333320618,11.7800445557,1.79198503494,-2.29752445221,1.88916766644,0.0,3.72029924393
1463677937289529962,6.41666650772,11.7075567245,1.86678683758,-2.0517437458,2.59894180298,0.0,3.72029924393
1463677937293840274,6.44999980927,11.6305332184,1.94632232189,-2.56962823868,2.17318630219,0.0,3.72029924393
1463677937320807260,6.48333311081,11.5338926315,2.00704050064,-3.22881627083,1.46990334988,0.0,3.72029924393
1463677937353837980,6.51666688919,11.4237413406,2.06075716019,-3.38024997711,1.75310182571,0.0,3.72029924393
1463677937387547882,6.55000019073,11.299323082,2.10056805611,-4.08486175537,0.63555264473,0.0,3.72029924393
1463677937420979280,6.58333349228,11.1602420807,2.13138222694,-4.26000452042,1.2132884264,0.0,3.72029924393
1463677937485107503,6.61666679382,11.0125675201,2.16772055626,-4.6004447937,0.967012524605,0.0,3.72029924393
1463677937489594827,6.65000009537,10.8526391983,2.22145819664,-4.99525928497,2.25725102425,0.0,3.72029924393
1463677937519960177,6.68333339691,10.6857824326,2.27530193329,-5.01613759995,0.973376512527,0.0,3.72029924393
1463677937553960426,6.71666669846,10.5121965408,2.31167840958,-5.39903926849,1.20920276642,0.0,3.72029924393
1463677937586657879,6.75,10.3393955231,2.33067703247,-4.96900320053,-0.0692801699042,0.0,3.72029924393
1463677937620424266,6.78333330154,10.1691436768,2.32949185371,-5.24615192413,-0.00183185329661,0.0,3.72029924393
1463677937688149871,6.81666660309,9.99290084839,2.32717514038,-5.32840538025,-0.13716648519,0.0,3.72029924393
1463677937694267715,6.84999990463,9.81233978271,2.3232820034,-5.50523948669,-0.0964221283793,0.0,3.72029924393
1463677937722142025,6.88333320618,9.62818145752,2.31926035881,-5.54424571991,-0.144878461957,0.0,3.72029924393
1463677937754067499,6.91666650772,9.44709396362,2.31023669243,-5.320997715,-0.396535217762,0.0,3.72029924393
1463677937789315894,6.94999980927,9.26557731628,2.30168795586,-5.57003259659,-0.116390645504,0.0,3.72029924393
1463677937820657573,6.98333311081,9.08212947845,2.29706549644,-5.4368224144,-0.160958558321,0.0,3.72029924393
1463677937854658133,7.01666688919,8.90095996857,2.29430270195,-5.43337059021,-0.00481091858819,0.0,3.72029924393
1463677937886864074,7.05000019073,8.72504997253,2.29177379608,-5.12123346329,-0.146920457482,-17.0691871643,3.72029924393
1463677937920457801,7.08333349228,8.56171417236,2.28205776215,-4.67891359329,-0.436042129993,-17.0691871643,3.72029924393
1463677937953872923,7.11666679382,8.40720748901,2.27269911766,-4.59145689011,-0.125475257635,-17.0691871643,3.72029924393
1463677937988192693,7.15000009537,8.26563358307,2.25426721573,-3.9030110836,-0.980440437794,-17.0691871643,3.72029924393
1463677938020476822,7.18333339691,8.13929653168,2.22583842278,-3.67720413208,-0.725291907787,-17.0691871643,3.72029924393
1463677938083798857,7.21666669846,8.02148342133,2.2045071125,-3.39156603813,-0.554586172104,-17.0691871643,3.72029924393
1463677938096412624,7.25,7.91637706757,2.16383075714,-2.91481924057,-1.88599944115,0.0,3.72029924393
1463677938121741660,7.28333330154,7.82449579239,2.11792564392,-2.59805250168,-0.868307352066,0.0,3.72029924393
1463677938154177234,7.31666660309,7.74389743805,2.09597587585,-2.2378616333,-0.448673784733,0.0,3.72029924393
1463677938187840053,7.34999990463,7.67432832718,2.07818365097,-1.93626308441,-0.618858754635,0.0,3.72029924393
1463677938221331100,7.38333320618,7.6084356308,2.0255753994,-2.01730632782,-2.53763389587,0.0,3.72029924393
1463677938287217131,7.41666650772,7.55003023148,1.95387065411,-1.48702216148,-1.76465642452,0.0,3.72029924393
1463677938291316109,7.44999980927,7.49081039429,1.84906804562,-2.06617546082,-4.52349567413,0.0,3.72029924393
1463677938320443725,7.48333311081,7.44437170029,1.74309575558,-0.72015196085,-1.83484172821,0.0,3.72029924393
1463677938355563757,7.51666688919,7.41457891464,1.65559256077,-1.06740069389,-3.41535425186,0.0,3.72029924393
1463677938387197064,7.55000019073,7.37883329391,1.53023123741,-1.07732832432,-4.10631990433,0.0,3.72029924393
1463677938420874169,7.58333349228,7.33602619171,1.36859619617,-1.49110007286,-5.59178590775,0.0,3.72029924393
1463677938490665982,7.61666679382,7.30418014526,1.20764362812,-0.419669955969,-4.0653719902,0.0,3.72029924393
1463677938498358911,7.65000009537,7.29422426224,1.07098639011,-0.177677258849,-4.13405704498,0.0,3.72029924393
1463677938521005222,7.68333339691,7.29973220825,0.945966482162,0.508133530617,-3.36713910103,0.0,3.72029924393
1463677938554885003,7.71666669846,7.31339931488,0.818478524685,0.311893880367,-4.28213834763,0.0,3.72029924393
1463677938587208716,7.75,7.35451841354,0.726821362972,2.1552593708,-1.21728920937,0.0,3.72029924393
1463677938621831692,7.78333330154,7.4302520752,0.684194505215,2.38875246048,-1.34032356739,0.0,3.72029924393
1463677938691120233,7.81666660309,7.51346683502,0.635808825493,2.60414028168,-1.56281876564,0.0,3.72029924393
1463677938701546288,7.84999990463,7.61041688919,0.600851774216,3.21286582947,-0.534604489803,0.0,3.72029924393
1463677938721785801,7.88333320618,7.72409486771,0.590093016624,3.60781550407,-0.11091838032,0.0,3.72029924393
1463677938753779353,7.91666650772,7.84974193573,0.587376534939,3.93100571632,-0.0520715564489,0.0,3.72029924393
1463677938787734702,7.94999980927,7.98610639572,0.585269093513,4.25087833405,-0.0743733868003,0.0,3.72029924393
1463677938822148411,7.98333311081,8.13288879395,0.583328843117,4.5560259819,-0.0420427434146,0.0,3.72029924393
1463677938884877827,8.01666641235,8.29181480408,0.575881063938,4.97955131531,-0.404826134443,0.0,3.72029924393
1463677938894257848,8.05000019073,8.46317672729,0.560750544071,5.30218267441,-0.503003835678,0.0,3.72029924393
1463677938922629018,8.08333301544,8.64222335815,0.546622753143,5.44057846069,-0.344663232565,0.0,3.72029924393
1463677938953871640,8.11666679382,8.83402729034,0.525867342949,6.06766080856,-0.90065985918,0.0,3.72029924393
1463677938987951760,8.14999961853,9.0402135849,0.494092196226,6.30355215073,-1.00585126877,0.0,3.72029924393
1463677939022536396,8.18333339691,9.26020431519,0.451703548431,6.89589595795,-1.53746581078,0.0,3.72029924393
1463677939077981975,8.21666622162,9.48667430878,0.403913915157,6.69231557846,-1.32991337776,0.0,3.72029924393
1463677939086771376,8.25,9.70835399628,0.359862625599,6.60843467712,-1.31316351891,0.0,3.72029924393
1463677939120670435,8.28333377838,9.92634773254,0.316114574671,6.47121620178,-1.31171905994,0.0,3.72029924393
1463677939154897604,8.31666660309,10.1439208984,0.266131818295,6.58317947388,-1.68724620342,0.0,3.72029924393
1463677939187315371,8.35000038147,10.3528966904,0.219150185585,5.95534276962,-1.13165175915,0.0,3.72029924393
1463677939220430954,8.38333320618,10.5463523865,0.181907474995,5.6519742012,-1.10291099548,0.0,3.72029924393
1463677939254019558,8.41666698456,10.7267055511,0.153193861246,5.16924571991,-0.619906127453,0.0,3.72029924393
1463677939287041030,8.44999980927,10.892580986,0.13778758049,4.7832775116,-0.304470747709,0.0,3.72029924393
1463677939320437731,8.48333358765,11.0465335846,0.12473975122,4.45387220383,-0.478399038315,0.0,3.72029924393
1463677939353918606,8.51666641235,11.1903810501,0.115957662463,4.17697048187,-0.0485263764858,0.0,3.72029924393
1463677939387352826,8.55000019073,11.3244714737,0.11517265439,3.86846065521,0.00142611970659,0.0,3.72029924393
1463677939421065873,8.58333301544,11.4482717514,0.115166917443,3.55953359604,-0.00177065993194,0.0,3.72029924393
1463677939474826141,8.61666679382,11.5620708466,0.115085996687,3.26845169067,-0.00308447913267,0.0,3.72029924393
1463677939487416205,8.64999961853,11.6664075851,0.114820584655,2.99175286293,-0.0128399189562,0.0,3.72029924393
1463677939521763302,8.68333339691,11.7616500854,0.113925553858,2.72281002998,-0.0408623069525,0.0,3.72029924393
1463677939554516447,8.71666622162,11.8444862366,0.106917992234,2.24735450745,-0.379591166973,0.0,3.72029924393
1463677939587623651,8.75,11.9152727127,0.0934667214751,1.99979734421,-0.427485287189,0.0,3.72029924393
1463677939623048350,8.78333377838,11.9809436798,0.081942409277,1.9404964447,-0.263973176479,0.0,3.72029924393
1463677939674740346,8.81666660309,12.0454683304,0.0763811543584,1.9309592247,-0.0697020366788,0.0,3.72029924393
1463677939687347624,8.85000038147,12.1113939285,0.0787786245346,2.02460169792,0.213550105691,0.0,3.72029924393
1463677939720312293,8.88333320618,12.1762123108,0.0854773819447,1.86446046829,0.188375219703,0.0,3.72029924393
1463677939754141283,8.91666698456,12.2322301865,0.0873159393668,1.49660980701,-0.0780615508556,0.0,3.72029924393
1463677939787535290,8.94999980927,12.2757911682,0.079864025116,1.11705231667,-0.369053512812,0.0,3.72029924393
1463677939821779152,8.98333358765,12.3142595291,0.0703933760524,1.19108641148,-0.199185475707,0.0,3.72029924393
1463677939880523477,9.01666641235,12.3558311462,0.0669938921928,1.30317926407,-0.00478341663256,0.0,3.72029924393
1463677939894821037,9.05000019073,12.4022693634,0.0709618106484,1.48314225674,0.242858588696,0.0,3.72029924393
1463677939921785581,9.08333301544,12.4730062485,0.101320534945,2.7610270977,1.57866466045,0.0,3.72029924393
1463677939954256537,9.11666679382,12.5503330231,0.139591470361,1.8786085844,0.717591881752,0.0,3.72029924393
1463677939987739128,9.14999961853,12.6166505814,0.167169809341,2.10041570663,0.937107920647,0.0,3.72029924393
1463677940021798484,9.18333339691,12.6780261993,0.189346984029,1.58216774464,0.393523156643,0.0,3.72029924393
1463677940090517029,9.21666622162,12.7213811874,0.192290470004,1.019130826,-0.21691468358,0.0,3.72029924393
1463677940096985259,9.25,12.7530241013,0.181781306863,0.879419147968,-0.413634330034,0.0,3.72029924393
1463677940121640775,9.28333377838,12.774930954,0.159353747964,0.434991002083,-0.932019591331,0.0,3.72029924393
1463677940154388743,9.31666660309,12.779750824,0.117203488946,-0.145821198821,-1.59699583054,0.0,3.72029924393
1463677940190664468,9.35000038147,12.7797689438,0.0677841603756,0.146943598986,-1.36816394329,0.0,3.72029924393
1463677940221263251,9.38333320618,12.782409668,0.018678560853,0.0114681469277,-1.57817208767,0.0,3.72029924393
1463677940288324643,9.41666698456,12.7779827118,-0.0400422886014,-0.27706387639,-1.94507884979,0.0,3.72029924393
1463677940294168184,9.44999980927,12.7348623276,-0.140568941832,-2.31014156342,-4.08652019501,0.0,3.72029924393
1463677940320190255,9.48333358765,12.7064380646,-0.228670075536,0.604643106461,-1.19954752922,0.0,3.72029924393
1463677940354656429,9.51666641235,12.7076129913,-0.288637965918,-0.534148156643,-2.39852690697,0.0,3.72029924393
1463677940388048351,9.55000019073,12.701666832,-0.357379198074,0.17741151154,-1.72594690323,0.0,3.72029924393
1463677940421008301,9.58333301544,12.7191410065,-0.404002338648,0.871051251888,-1.07144057751,0.0,3.72029924393
1463677940489075607,9.61666679382,12.734960556,-0.45400416851,0.0780831724405,-1.92867040634,0.0,3.72029924393
1463677940494955506,9.64999961853,12.7310018539,-0.525875389576,-0.315574973822,-2.38360285759,0.0,3.72029924393
1463677940522421907,9.68333339691,12.7606210709,-0.565602123737,2.09272193909,0.0,0.0,3.72029924393
1463677940554487340,9.71666622162,12.7895154953,-0.608730852604,-0.359073370695,-2.58772277832,0.0,3.72029924393
1463677940587461946,9.75,12.8053007126,-0.667803645134,1.30621671677,-0.956648170948,0.0,3.72029924393
1463677940620671097,9.78333377838,12.8532619476,-0.696536779404,1.57143843174,-0.767337739468,0.0,3.72029924393
1463677940696766034,9.81666660309,12.8894205093,-0.740871608257,0.598068654537,-1.89275145531,0.0,3.72029924393
1463677940703135380,9.85000038147,12.9256839752,-0.788565337658,1.57772910595,-0.968874812126,0.0,3.72029924393
1463677940720773010,9.88333320618,12.9807462692,-0.820359706879,1.72600722313,-0.938785731792,0.0,3.72029924393
1463677940754478638,9.91666698456,13.0397863388,-0.852517366409,1.81642496586,-0.990673005581,0.0,3.72029924393
1463677940789483403,9.94999980927,13.1000680923,-0.88878673315,1.80046284199,-1.18548882008,0.0,3.72029924393
1463677940820710748,9.98333358765,13.1600809097,-0.931689381599,1.80029523373,-1.38867139816,0.0,3.72029924393
1463677940876422521,10.0166664124,13.2073135376,-0.997573792934,1.03366446495,-2.56439256668,0.0,3.72029924393
