%time,field.sys_time,field.q0,field.q1,field.dq0,field.dq1,field.sac0,field.u0
1463677877013340272,0.0,0.0,0.0,0.0,0.0,0.0,0.169280380011
1463677877020751980,0.0166666675359,3.13596940041,0.191865220666,-0.337397128344,0.338873505592,0.0,0.169280380011
1463677877084158425,0.0500000007451,3.12420797348,0.203748822212,-0.3682898283,0.374142229557,0.0,0.169280380011
1463677877092127506,0.0833333358169,3.11480617523,0.213470876217,-0.195820942521,0.209181338549,0.0,0.169280380011
1463677877120932992,0.116666667163,3.10410070419,0.224810853601,-0.446498721838,0.471217244864,0.0,0.169280380011
1463677877153910601,0.15000000596,3.07683992386,0.253216177225,-1.18915390968,1.23310279846,0.0,0.169280380011
1463677877187393804,0.183333337307,3.04735994339,0.284578621387,-0.579642117023,0.648643553257,0.0,0.169280380011
1463677877220710786,0.216666668653,3.03522586823,0.299527168274,-0.148408040404,0.248269796371,0.0,0.169280380011
1463677877279526481,0.25,3.03337407112,0.305275142193,0.037312284112,0.0966080129147,0.0,0.169280380011
1463677877286793928,0.283333331347,3.03555440903,0.308136999607,0.0935012623668,0.0751027613878,0.0,0.169280380011
1463677877321934143,0.316666662693,3.02359819412,0.326429694891,-0.810877561569,1.02245855331,0.0,0.169280380011
1463677877354194823,0.34999999404,2.98410201073,0.373876810074,-1.55889177322,1.82436978817,0.0,0.169280380011
1463677877387306484,0.383333325386,2.91550779343,0.452699065208,-2.55676531792,2.9049642086,0.0,0.169280380011
1463677877421696888,0.416666656733,2.81582927704,0.56609839201,-3.4239358902,3.89899563789,0.0,0.169280380011
1463677877476190403,0.449999988079,2.64525032043,0.758773207664,-6.81080579758,7.66149187088,0.0,0.169280380011
1463677877488062067,0.483333319426,2.46055865288,0.96699821949,-4.27069425583,4.83200931549,0.0,0.169280380011
1463677877521990157,0.516666650772,2.34512352943,1.09648048878,-2.65541267395,2.93692588806,0.0,0.169280380011
1463677877554798741,0.550000011921,2.23739075661,1.22937488556,-3.80855107307,5.03673744202,0.0,0.169280380011
1463677877588705830,0.583333313465,2.13734507561,1.35791790485,-2.19418644905,2.67584776878,0.0,0.169280380011
1463677877621349383,0.616666674614,2.07733607292,1.43050098419,-1.40635216236,1.67913818359,0.0,0.169280380011
1463677877654345466,0.649999976158,2.03376412392,1.4898070097,-1.20797812939,1.87922346592,0.0,0.169280380011
1463677877698268520,0.683333337307,2.00766968727,1.53085708618,-0.357684284449,0.583777308464,0.0,0.169280380011
1463677877722024622,0.716666638851,2.00062775612,1.55047678947,-0.0648221448064,0.593404889107,0.0,0.169280380011
1463677877754465759,0.75,2.00380682945,1.56930398941,0.255557566881,0.536228835583,0.0,0.169280380011
1463677877787581948,0.783333361149,2.01830434799,1.58466136456,0.614288449287,0.385210454464,0.0,0.169280380011
1463677877820661095,0.816666662693,2.04102015495,1.60344183445,0.748672187328,0.741617560387,0.0,0.169280380011
1463677877864274488,0.850000023842,2.07357001305,1.62210738659,1.20431101322,0.378317654133,0.0,0.169280380011
1463677877894587081,0.883333325386,2.11767292023,1.63615095615,1.44186377525,0.464296638966,0.0,0.169280380011
1463677877920065736,0.916666686535,2.16928172112,1.65345096588,1.65466558933,0.573708534241,0.0,0.169280380011
1463677877954346112,0.949999988079,2.22716546059,1.6753565073,1.81835877895,0.740622758865,0.0,0.169280380011
1463677877987894711,0.983333349228,2.29512810707,1.69497489929,2.25939774513,0.436479330063,0.0,0.169280380011
1463677878022168013,1.01666665077,2.37440156937,1.70938181877,2.49701905251,0.427935659885,0.0,0.169280380011
1463677878078603519,1.04999995232,2.46235561371,1.72205030918,2.78022313118,0.332171708345,0.0,0.169280380011
1463677878086664695,1.08333337307,2.56017112732,1.73062086105,3.08869624138,0.182066291571,0.0,0.169280380011
1463677878121392398,1.11666667461,2.66872286797,1.73327231407,3.42440915108,-0.0229812189937,0.0,0.169280380011
1463677878154119290,1.14999997616,2.7819480896,1.73581135273,3.36910319328,0.175323069096,0.0,0.169280380011
1463677878188045389,1.1833332777,2.89964032173,1.73759686947,3.69243979454,-0.068194873631,0.0,0.169280380011
1463677878220898328,1.21666669846,3.02784848213,1.73098754883,4.00004339218,-0.328359484673,0.0,0.169280380011
1463677878282009610,1.25,3.16341233253,1.71795165539,4.13379049301,-0.453794747591,0.0,0.169280380011
1463677878286837727,1.28333330154,3.29986929893,1.70356011391,4.05363273621,-0.40969902277,0.0,0.169280380011
1463677878320540806,1.3166667223,3.44744277,1.67575788498,4.80076789856,-1.25843632221,0.0,0.169280380011
1463677878354398657,1.35000002384,3.60083389282,1.63862371445,4.4026966095,-0.969611346722,0.0,0.169280380011
1463677878387385782,1.38333332539,3.74628353119,1.60448110104,4.3242855072,-1.07894587517,0.0,0.169280380011
1463677878420852239,1.41666662693,3.89117765427,1.56303966045,4.3693561554,-1.40754282475,0.0,0.169280380011
1463677878454463206,1.45000004768,4.04507780075,1.49798047543,4.86465883255,-2.49600887299,0.0,0.169280380011
1463677878486598943,1.48333334923,4.20242738724,1.41503250599,4.57631063461,-2.48086595535,12.864616394,0.169280380011
1463677878521467284,1.51666665077,4.34947729111,1.33336555958,4.24667644501,-2.41915535927,12.864616394,0.169280380011
1463677878554234537,1.54999995232,4.49472236633,1.2214499712,4.46803998947,-4.29577684402,12.864616394,0.169280380011
1463677878588744318,1.58333337307,4.63329458237,1.1122276783,3.84630703926,-2.25756263733,12.864616394,0.169280380011
1463677878621999771,1.61666667461,4.75597810745,1.03591918945,3.5147023201,-2.32094597816,12.864616394,0.169280380011
1463677878655210577,1.64999997616,4.86817646027,0.963923990726,3.21719098091,-1.99876534939,12.864616394,0.169280380011
1463677878686938872,1.6833332777,4.97306156158,0.911986112595,3.07590651512,-1.11750757694,0.0,0.169280380011
1463677878721478236,1.71666669846,5.06334543228,0.851973414421,2.34111833572,-2.48325371742,0.0,0.169280380011
1463677878754753990,1.75,5.14310741425,0.787150263786,2.44462704659,-1.4061331749,0.0,0.169280380011
1463677878789013871,1.78333330154,5.22005796432,0.741114556789,2.17240452766,-1.35600996017,0.0,0.169280380011
1463677878822307162,1.8166667223,5.28823852539,0.696852385998,1.91840791702,-1.29972147942,0.0,0.169280380011
1463677878894584190,1.85000002384,5.34983253479,0.657328724861,1.77723228931,-1.0716997385,0.0,0.169280380011
1463677878898119913,1.88333332539,5.41702318192,0.641441881657,2.25420856476,0.118492536247,0.0,0.169280380011
1463677878921099851,1.91666662693,5.48935413361,0.647266328335,2.08565473557,0.230970829725,0.0,0.169280380011
1463677878954387801,1.95000004768,5.55416107178,0.653716862202,1.80276298523,0.156063914299,0.0,0.169280380011
1463677878987560820,1.98333334923,5.61125612259,0.659649670124,1.62292742729,0.19990195334,0.0,0.169280380011
1463677879022325757,2.01666665077,5.66064214706,0.664575994015,1.3402479887,0.0956794992089,0.0,0.169280380011
1463677879064003414,2.04999995232,5.70784044266,0.674593150616,1.49163722992,0.505347728729,0.0,0.169280380011
1463677879086362101,2.08333325386,5.75201654434,0.688330590725,1.15893745422,0.318900257349,0.0,0.169280380011
1463677879122054420,2.1166665554,5.7860918045,0.696837544441,0.885582029819,0.191516578197,0.0,0.169280380011
1463677879154246519,2.15000009537,5.82476854324,0.716426789761,1.43503248692,0.983840405941,0.0,0.169280380011
1463677879187697699,2.18333339691,5.86838817596,0.747152864933,1.18213272095,0.859723746777,0.0,0.169280380011
1463677879221196308,2.21666669846,5.90367984772,0.773667275906,0.935364544392,0.731140851974,0.0,0.169280380011
1463677879276552243,2.25,5.93147850037,0.796529173851,0.732570111752,0.640570044518,0.0,0.169280380011
1463677879287626930,2.28333330154,5.95152330399,0.815193235874,0.47010487318,0.479276955128,0.0,0.169280380011
1463677879320866363,2.31666660309,5.97975873947,0.846249580383,1.22403037548,1.38410127163,0.0,0.169280380011
1463677879355236798,2.34999990463,6.00691699982,0.879816293716,0.405449062586,0.62990128994,0.0,0.169280380011
1463677879389037213,2.3833334446,6.03229761124,0.9146245718,1.11740911007,1.45859646797,0.0,0.169280380011
1463677879420565485,2.41666674614,6.05491924286,0.949555039406,0.239871099591,0.637232542038,0.0,0.169280380011
1463677879454904936,2.45000004768,6.08320331573,0.992825388908,1.45718038082,1.95898866653,0.0,0.169280380011
1463677879489413500,2.48333334923,6.11898374557,1.04616260529,0.689644277096,1.24124467373,0.0,0.169280380011
1463677879521531444,2.51666665077,6.13682746887,1.08319711685,0.380985110998,0.98082190752,0.0,0.169280380011
1463677879554510554,2.54999995232,6.14659881592,1.11371600628,0.205292403698,0.850315630436,0.0,0.169280380011
1463677879588400097,2.58333325386,6.14908266068,1.13840198517,-0.0562696605921,0.630844056606,0.0,0.169280380011
1463677879621003080,2.6166665554,6.15053653717,1.16352570057,0.143501013517,0.876573503017,0.0,0.169280380011
1463677879684644728,2.65000009537,6.15494775772,1.19308793545,0.121180087328,0.897163629532,0.0,0.169280380011
1463677879688502304,2.68333339691,6.1600484848,1.22475707531,0.184864878654,1.00298690796,0.0,0.169280380011
1463677879721363580,2.71666669846,6.16876602173,1.2614235878,0.33818385005,1.19700062275,0.0,0.169280380011
1463677879754591860,2.75,6.18380737305,1.30571436882,0.564293324947,1.46045076847,0.0,0.169280380011
1463677879787520167,2.78333330154,6.22610569,1.37843775749,1.97361814976,2.90294623375,0.0,0.169280380011
1463677879821165510,2.81666660309,6.27576303482,1.45929312706,1.00581765175,1.94837880135,0.0,0.169280380011
1463677879881148926,2.84999990463,6.30514287949,1.52007508278,0.756963849068,1.69853806496,0.0,0.169280380011
1463677879886548760,2.8833334446,6.33002090454,1.576171875,0.735721051693,1.66726815701,0.0,0.169280380011
1463677879921630069,2.91666674614,6.3604850769,1.63738656044,1.09214580059,2.00561690331,0.0,0.169280380011
1463677879954762935,2.95000004768,6.38606977463,1.69289517403,0.44291099906,1.32489550114,0.0,0.169280380011
1463677879989117085,2.98333334923,6.40442037582,1.74007153511,0.658126354218,1.50568640232,0.0,0.169280380011
1463677880021648346,3.01666665077,6.43980693817,1.80309844017,1.46506428719,2.27592992783,0.0,0.169280380011
1463677880053794091,3.04999995232,6.47846078873,1.86767542362,0.854188323021,1.59869158268,0.0,0.169280380011
1463677880092676725,3.08333325386,6.51536989212,1.92844080925,1.36035370827,2.04723143578,0.0,0.169280380011
1463677880120863163,3.1166665554,6.53725481033,1.97109031677,-0.0472583174706,0.511737167835,0.0,0.169280380011
1463677880154577265,3.15000009537,6.52864837646,1.97948014736,-0.469141989946,-0.00834744237363,0.0,0.169280380011
1463677880187583723,3.18333339691,6.51182889938,1.97665429115,-0.540020108223,-0.161205217242,0.0,0.169280380011
1463677880221802051,3.21666669846,6.49388837814,1.9701102972,-0.536414861679,-0.231432512403,0.0,0.169280380011
1463677880255025143,3.25,6.47509431839,1.96033465862,-0.591221034527,-0.355105370283,0.0,0.169280380011
1463677880290839763,3.28333330154,6.46057748795,1.95274984837,-0.279798269272,-0.0999851822853,0.0,0.169280380011
1463677880320915521,3.31666660309,6.45358514786,1.95082557201,-0.139728218317,-0.0154688777402,0.0,0.169280380011
1463677880354278478,3.34999990463,6.44987297058,1.95033931732,-0.0829982087016,-0.0137055655941,0.0,0.169280380011
1463677880388846925,3.3833334446,6.44801855087,1.94989454746,-0.0282844081521,-0.0129848606884,0.0,0.169280380011
1463677880421834943,3.41666674614,6.44984388351,1.95136034489,0.137823402882,0.100936628878,0.0,0.169280380011
1463677880453607266,3.45000004768,6.45139789581,1.95071828365,-0.0445797927678,-0.139459609985,0.0,0.169280380011
1463677880487224577,3.48333334923,6.45446538925,1.94976007938,0.228610157967,0.0819677338004,0.0,0.169280380011
1463677880521041686,3.51666665077,6.45914793015,1.94855427742,0.0523385554552,-0.154317781329,0.0,0.169280380011
1463677880554273804,3.54999995232,6.4626865387,1.94425868988,0.159987956285,-0.103420428932,0.0,0.169280380011
1463677880587530640,3.58333325386,6.47031736374,1.94214618206,0.297867119312,-0.0233285967261,0.0,0.169280380011
1463677880621131557,3.6166665554,6.48306417465,1.94318461418,0.466929018497,0.0856320485473,0.0,0.169280380011
1463677880654126215,3.65000009537,6.50126266479,1.94759309292,0.6249756217,0.178880020976,0.0,0.169280380011
1463677880687621112,3.68333339691,6.52527618408,1.95556867123,0.815835535526,0.299651175737,0.0,0.169280380011
1463677880720852684,3.71666669846,6.54585599899,1.95732629299,0.418972462416,-0.194187968969,0.0,0.169280380011
1463677880754081964,3.75,6.56592226028,1.95568215847,0.785000920296,0.0955375507474,0.0,0.169280380011
1463677880789634735,3.78333330154,6.5844874382,1.94928944111,0.328894108534,-0.479101747274,0.0,0.169280380011
1463677880821273683,3.81666660309,6.59872913361,1.9350386858,0.525612413883,-0.375944525003,0.0,0.169280380011
1463677880887463101,3.84999990463,6.58605718613,1.88887631893,-1.28591811657,-2.39379906654,0.0,0.169280380011
1463677880893546924,3.8833334446,6.55226421356,1.81689703465,-0.741670906544,-1.92495775223,0.0,0.169280380011
1463677880920863458,3.91666674614,6.52962875366,1.75343453884,-0.616456747055,-1.88278698921,0.0,0.169280380011
1463677880953944344,3.95000004768,6.48400163651,1.66361224651,-2.12116003036,-3.5065536499,0.0,0.169280380011
1463677880987132589,3.98333334923,6.43079566956,1.56345129013,-1.07121348381,-2.50310516357,0.0,0.169280380011
1463677881021941896,4.01666688919,6.41962003708,1.50398123264,0.400692731142,-1.06509852409,0.0,0.169280380011
1463677881077235344,4.05000019073,6.40967845917,1.44419491291,-0.997185587883,-2.52207660675,0.0,0.169280380011
1463677881086491665,4.08333349228,6.38773059845,1.37083959579,-0.319688290358,-1.8792437315,0.0,0.169280380011
1463677881120848601,4.11666679382,6.38076114655,1.31134748459,-0.0984777286649,-1.69028258324,0.0,0.169280380011
1463677881154917687,4.15000009537,6.36406946182,1.24102509022,-0.90304005146,-2.52906227112,0.0,0.169280380011
1463677881188058703,4.18333339691,6.3642539978,1.18665504456,0.914121925831,-0.733137488365,0.0,0.169280380011
1463677881222598019,4.21666669846,6.39631700516,1.16331458092,1.00966513157,-0.6672950387,0.0,0.169280380011
1463677881286497446,4.25,6.42482423782,1.13520002365,0.700749337673,-1.01957678795,0.0,0.169280380011
1463677881292655733,4.28333330154,6.46551084518,1.11790680885,1.74044716358,-0.0180169790983,0.0,0.169280380011
1463677881320536668,4.31666660309,6.52555704117,1.11826217175,1.86233985424,0.0393436290324,0.0,0.169280380011
1463677881354076229,4.34999990463,6.5854344368,1.11581778526,1.73029303551,-0.186007216573,0.0,0.169280380011
1463677881387375387,4.38333320618,6.63982248306,1.10432326794,1.53300225735,-0.503664910793,0.0,0.169280380011
1463677881420710186,4.41666650772,6.68826198578,1.08252620697,1.37337291241,-0.80416059494,0.0,0.169280380011
1463677881488049937,4.44999980927,6.73550367355,1.05488395691,1.4611107111,-0.854371964931,0.0,0.169280380011
1463677881492743639,4.48333311081,6.74539518356,0.979990720749,-0.867608308792,-3.63922524452,0.0,0.169280380011
1463677881520506734,4.51666688919,6.73225545883,0.873525321484,0.0792314335704,-2.74869656563,0.0,0.169280380011
1463677881554802743,4.55000019073,6.74693775177,0.792636632919,0.801687180996,-2.10462450981,0.0,0.169280380011
1463677881587925218,4.58333349228,6.72076797485,0.660268127918,-2.37186932564,-5.83748531342,0.0,0.169280380011
1463677881621266753,4.61666679382,6.67989349365,0.504639685154,-0.0805956721306,-3.50022482872,0.0,0.169280380011
1463677881692547014,4.65000009537,6.68204259872,0.390924036503,0.209529608488,-3.322712183,0.0,0.169280380011
1463677881699863646,4.68333339691,6.6652674675,0.252071559429,-1.21602571011,-5.008436203,0.0,0.169280380011
1463677881720495253,4.71666669846,6.67506217957,0.13678856194,1.80372273922,-1.90854454041,0.0,0.169280380011
1463677881755055861,4.75,6.71979665756,0.0539150200784,0.880336165428,-3.06386780739,0.0,0.169280380011
1463677881788852578,4.78333330154,6.75405406952,-0.045368861407,1.17510616779,-2.89316487312,0.0,0.169280380011
1463677881821355758,4.81666660309,6.80186653137,-0.134883165359,1.6936365366,-2.4776930809,0.0,0.169280380011
1463677881881918057,4.84999990463,6.84634971619,-0.234750896692,0.975344598293,-3.51437115669,0.0,0.169280380011
1463677881887966446,4.88333320618,6.91046571732,-0.31766217947,2.87163448334,-1.46030557156,0.0,0.169280380011
1463677881920880697,4.91666650772,7.01362848282,-0.361066550016,3.31811785698,-1.14395797253,0.0,0.169280380011
1463677881954136831,4.94999980927,7.12947273254,-0.397101014853,3.63255810738,-1.01810884476,0.0,0.169280380011
1463677881987288549,4.98333311081,7.26112556458,-0.420693457127,4.26659154892,-0.397437125444,0.0,0.169280380011
1463677882020643528,5.01666688919,7.40924501419,-0.431323438883,4.62058782578,-0.240362942219,0.0,0.169280380011
1463677882054754977,5.05000019073,7.56933689117,-0.436188220978,4.98491859436,-0.05152310431,0.0,0.169280380011
1463677882100462642,5.08333349228,7.74104690552,-0.436059445143,5.31768989563,0.0592486783862,-14.3233165741,0.169280380011
1463677882122306177,5.11666679382,7.92354869843,-0.435071974993,5.63240623474,0.0,-14.3233165741,0.169280380011
1463677882154589452,5.15000009537,8.11646080017,-0.434952735901,5.94233465195,0.00715489592403,-14.3233165741,0.169280380011
1463677882187366468,5.18333339691,8.31943416595,-0.434719890356,6.23606300354,0.00681506935507,-14.3233165741,0.169280380011
1463677882220655763,5.21666669846,8.53127002716,-0.433733731508,6.47407484055,0.0523548685014,-14.3233165741,0.169280380011
1463677882281571758,5.25,8.75077533722,-0.432080298662,6.6962389946,0.0468508526683,0.0,0.169280380011
1463677882286887460,5.28333330154,8.97718811035,-0.431124955416,6.8885140419,0.0104705458507,0.0,0.169280380011
1463677882321300131,5.31666660309,9.20755195618,-0.429907351732,6.9333615303,0.0625851377845,0.0,0.169280380011
1463677882354320823,5.34999990463,9.43983459473,-0.428639054298,7.00360393524,0.0135116362944,0.0,0.169280380011
1463677882388047114,5.38333320618,9.67227458954,-0.428075581789,6.9427485466,0.0202983804047,0.0,0.169280380011
1463677882422141606,5.41666650772,9.90197849274,-0.427811354399,6.83948612213,-0.00444475514814,0.0,0.169280380011
1463677882479826608,5.44999980927,10.1270618439,-0.428315788507,6.6655163765,-0.0258214641362,0.0,0.169280380011
1463677882488179451,5.48333311081,10.3448972702,-0.428827464581,6.4046459198,-0.0048789139837,0.0,0.169280380011
1463677882520183451,5.51666688919,10.5533723831,-0.428581655025,6.10386228561,0.0196272805333,0.0,0.169280380011
1463677882555295643,5.55000019073,10.7516469955,-0.428166300058,5.79259490967,0.00529259536415,0.0,0.169280380011
1463677882587810173,5.58333349228,10.9391736984,-0.427698463202,5.45902585983,0.0227792151272,0.0,0.169280380011
1463677882621814414,5.61666679382,11.1156387329,-0.425053775311,5.12887382507,0.135901495814,0.0,0.169280380011
1463677882683820824,5.65000009537,11.2825088501,-0.413883537054,4.88329410553,0.53431302309,0.0,0.169280380011
1463677882698592977,5.68333339691,11.4407110214,-0.394342035055,4.60884618759,0.63817602396,0.0,0.169280380011
1463677882720547475,5.71666669846,11.5895652771,-0.372943609953,4.32239675522,0.645729780197,0.0,0.169280380011
1463677882755060209,5.75,11.7325057983,-0.346167713404,4.25403165817,0.960824966431,0.0,0.169280380011
1463677882787695073,5.78333330154,11.8636779785,-0.323451280594,3.61634683609,0.402160197496,0.0,0.169280380011
1463677882821191139,5.81666660309,11.9805021286,-0.310492277145,3.39310908318,0.375380724669,0.0,0.169280380011
1463677882874978447,5.84999990463,12.0872459412,-0.302043110132,3.01150584221,0.131568983197,0.0,0.169280380011
1463677882910689069,5.88333320618,12.1842422485,-0.298796147108,2.80826640129,0.0632478073239,0.0,0.169280380011
1463677882921295251,5.91666650772,12.2749824524,-0.297742038965,2.63614392281,0.0,0.0,0.169280380011
1463677882954317691,5.94999980927,12.3644361496,-0.294664025307,2.73107051849,0.184679865837,0.0,0.169280380011
1463677882987988764,5.98333311081,12.4509811401,-0.292110413313,2.46163225174,-0.0314635075629,0.0,0.169280380011
1463677883022615290,6.01666688919,12.5266208649,-0.299106746912,2.07677745819,-0.388315409422,0.0,0.169280380011
1463677883086001894,6.05000019073,12.5778150558,-0.329978883266,0.994840741158,-1.4640134573,0.0,0.169280380011
1463677883091094247,6.08333349228,12.5958566666,-0.394017279148,0.0876664146781,-2.37829065323,0.0,0.169280380011
1463677883121205470,6.11666679382,12.589682579,-0.482549726963,-0.458120763302,-2.93365573883,0.0,0.169280380011
1463677883154406780,6.15000009537,12.5443439484,-0.610421419144,-2.26218962669,-4.73864459991,0.0,0.169280380011
1463677883187467257,6.18333339691,12.5089521408,-0.728125393391,0.138697430491,-2.32359552383,0.0,0.169280380011
1463677883221156041,6.21666669846,12.5324773788,-0.786359190941,1.27281069756,-1.17043030262,0.0,0.169280380011
1463677883283273889,6.25,12.5609407425,-0.839223146439,0.434958964586,-2.0014064312,0.0,0.169280380011
1463677883286981255,6.28333330154,12.594578743,-0.886811316013,1.58331727982,-0.853886187077,0.0,0.169280380011
1463677883319994347,6.31666660309,12.6532697678,-0.909611940384,1.93814814091,-0.514149904251,0.0,0.169280380011
1463677883354500530,6.34999990463,12.7102594376,-0.935008943081,1.48127055168,-1.0096719265,0.0,0.169280380011
1463677883387058091,6.38333320618,12.7677307129,-0.961347222328,1.96696555614,-0.570623040199,0.0,0.169280380011
1463677883420506511,6.41666650772,12.8368730545,-0.977937459946,2.18159937859,-0.424792438745,0.0,0.169280380011
1463677883489427989,6.44999980927,12.913684845,-0.989472031593,2.42711234093,-0.267280071974,0.0,0.169280380011
1463677883495738204,6.48333311081,12.9992341995,-0.995520889759,2.70583796501,-0.0956530421972,0.0,0.169280380011
1463677883521166968,6.51666688919,13.0896453857,-1.00119912624,2.71881628036,-0.245040073991,0.0,0.169280380011
1463677883554198593,6.55000019073,13.1850471497,-1.0070950985,3.00530838966,-0.108721837401,0.0,0.169280380011
1463677883588759556,6.58333349228,13.2825126648,-1.01836025715,2.84264659882,-0.56718480587,0.0,0.169280380011
1463677883620685134,6.61666679382,13.3833398819,-1.03396677971,3.20696568489,-0.369207292795,0.0,0.169280380011
1463677883654031898,6.65000009537,13.4844722748,-1.06152427197,2.86099553108,-1.28424453735,0.0,0.169280380011
1463677883693559752,6.68333339691,13.586763382,-1.09988927841,3.27646374702,-1.01764893532,0.0,0.169280380011
1463677883720916285,6.71666669846,13.699426651,-1.13642752171,3.48330307007,-1.17464625835,0.0,0.169280380011
1463677883754889427,6.75,13.8190031052,-1.17959153652,3.69128704071,-1.41520106792,0.0,0.169280380011
1463677883788243399,6.78333330154,13.9489383698,-1.21992504597,4.1048169136,-1.00480747223,0.0,0.169280380011
1463677883821561795,6.81666660309,14.0910282135,-1.25355565548,4.42059803009,-1.01302492619,0.0,0.169280380011
1463677883879476003,6.84999990463,14.2436103821,-1.28458142281,4.73434925079,-0.848526000977,0.0,0.169280380011
1463677883886555196,6.88333320618,14.4050159454,-1.3041574955,4.94996881485,-0.326036155224,0.0,0.169280380011
1463677883920595340,6.91666650772,14.5748157501,-1.31458187103,5.23799610138,-0.299425303936,0.0,0.169280380011
1463677883954012343,6.94999980927,14.7524871826,-1.32163572311,5.42231225967,-0.123805783689,0.0,0.169280380011
1463677883987348729,6.98333311081,14.9356889725,-1.32343709469,5.56978416443,0.0157202966511,0.0,0.169280380011
1463677884021453164,7.01666688919,15.1239557266,-1.32209837437,5.72625494003,0.0646059215069,0.0,0.169280380011
1463677884083852433,7.05000019073,15.3169574738,-1.31966137886,5.85384273529,0.0816094949841,0.0,0.169280380011
1463677884090388805,7.08333349228,15.515291214,-1.31882607937,6.04616641998,-0.0314859412611,0.0,0.169280380011
1463677884120840001,7.11666679382,15.7171669006,-1.31988453865,6.06639814377,-0.0320223942399,0.0,0.169280380011
1463677884153918006,7.15000009537,15.917222023,-1.31954813004,5.93689966202,0.0522090159357,0.0,0.169280380011
1463677884188494073,7.18333339691,16.1137390137,-1.31825017929,5.85406684875,0.0256650839001,0.0,0.169280380011
1463677884220693370,7.21666669846,16.3047046661,-1.31579613686,5.60395431519,0.121578849852,0.0,0.169280380011
1463677884277290001,7.25,16.485912323,-1.30915474892,5.26841878891,0.276898920536,0.0,0.169280380011
1463677884288461145,7.28333330154,16.6572437286,-1.2998996973,5.01156520844,0.278409600258,10.8459253311,0.169280380011
1463677884320499361,7.31666660309,16.813627243,-1.2791326046,4.37140464783,0.967615127563,10.8459253311,0.169280380011
1463677884354609109,7.34999990463,16.9546108246,-1.24791371822,4.08759784698,0.905517220497,10.8459253311,0.169280380011
1463677884387245791,7.38333320618,17.0846099854,-1.21419131756,3.71239995956,1.11782932281,10.8459253311,0.169280380011
1463677884421432053,7.41666650772,17.2025699615,-1.17460370064,3.36510801315,1.25742709637,10.8459253311,0.169280380011
1463677884474163401,7.44999980927,17.3087863922,-1.11126828194,3.0079600811,2.54269909859,10.8459253311,0.169280380011
1463677884487485555,7.48333311081,17.4016532898,-1.05023407936,2.56398153305,1.11935067177,0.0,0.169280380011
1463677884522372337,7.51666688919,17.4842567444,-0.997309029102,2.39229011536,2.05615067482,0.0,0.169280380011
1463677884553805151,7.55000019073,17.565246582,-0.901647925377,2.46707773209,3.68351793289,0.0,0.169280380011
1463677884587088996,7.58333349228,17.6317691803,-0.811458110809,1.52426898479,1.72786939144,0.0,0.169280380011
1463677884621937629,7.61666679382,17.6844177246,-0.735071957111,1.6346347332,2.85530209541,0.0,0.169280380011
1463677884685743366,7.65000009537,17.7401409149,-0.625060260296,1.70878982544,3.74539923668,0.0,0.169280380011
1463677884692818282,7.68333339691,17.7848739624,-0.515871465206,0.975222289562,2.80592918396,0.0,0.169280380011
1463677884721572731,7.71666669846,17.8089942932,-0.429631590843,0.47197163105,2.36846256256,0.0,0.169280380011
1463677884754014198,7.75,17.8170547485,-0.356500029564,0.0116054778919,2.01942968369,0.0,0.169280380011
1463677884787310756,7.78333330154,17.8009929657,-0.312146693468,-0.975328326225,0.6417709589,0.0,0.169280380011
1463677884820406941,7.81666660309,17.7589626312,-0.300620317459,-1.54640030861,0.0498120859265,0.0,0.169280380011
1463677884854269018,7.84999990463,17.702009201,-0.300230056047,-1.87082779408,-0.0263962745667,0.0,0.169280380011
1463677884887245120,7.88333320618,17.6345157623,-0.301512807608,-2.17877411842,-0.0505684278905,0.0,0.169280380011
1463677884921482559,7.91666650772,17.5565395355,-0.303977936506,-2.49980378151,-0.0973402634263,0.0,0.169280380011
1463677884954059875,7.94999980927,17.4672374725,-0.310458064079,-2.85833382607,-0.291467130184,0.0,0.169280380011
1463677884987658568,7.98333311081,17.366815567,-0.319052010775,-3.16705584526,-0.224169865251,0.0,0.169280380011
1463677885021118759,8.01666641235,17.2558517456,-0.328041762114,-3.49074816704,-0.315214306116,0.0,0.169280380011
1463677885054535460,8.05000019073,17.135263443,-0.3519359231,-3.74448013306,-1.11843645573,0.0,0.169280380011
1463677885093687682,8.08333301544,17.0040779114,-0.383514285088,-4.12664890289,-0.776265203953,0.0,0.169280380011
1463677885120854300,8.11666679382,16.8625431061,-0.412379443645,-4.36545276642,-0.955643355846,0.0,0.169280380011
1463677885154880022,8.14999961853,16.7134647369,-0.446560323238,-4.57930803299,-1.09520959854,0.0,0.169280380011
1463677885187998736,8.18333339691,16.5534858704,-0.477831095457,-5.01940774918,-0.781036973,0.0,0.169280380011
1463677885221413643,8.21666622162,16.3955821991,-0.521862208843,-4.45480966568,-1.86083102226,0.0,0.169280380011
1463677885281214331,8.25,16.229675293,-0.566208720207,-5.49956798553,-0.799960374832,0.0,0.169280380011
1463677885288190001,8.28333377838,16.0361309052,-0.583929240704,-6.11306858063,-0.263267546892,0.0,0.169280380011
1463677885320374359,8.31666660309,15.8235645294,-0.584754884243,-6.64099407196,0.213728919625,0.0,0.169280380011
1463677885354682138,8.35000038147,15.5983819962,-0.573667407036,-6.86995315552,0.451516836882,0.0,0.169280380011
1463677885387924876,8.38333320618,15.3758163452,-0.563776612282,-6.48397445679,0.141932502389,0.0,0.169280380011
1463677885422646689,8.41666698456,15.1617212296,-0.558557093143,-6.36170053482,0.171236842871,0.0,0.169280380011
1463677885455009884,8.44999980927,14.9538383484,-0.553751051426,-6.11128997803,0.117126077414,0.0,0.169280380011
1463677885487126040,8.48333358765,14.7555999756,-0.551704764366,-5.78301239014,0.00565246026963,0.0,0.169280380011
1463677885520644640,8.51666641235,14.5677080154,-0.551567196846,-5.49053430557,0.00260295439512,0.0,0.169280380011
1463677885554127227,8.55000019073,14.3901233673,-0.552006602287,-5.16451692581,-0.0289685353637,0.0,0.169280380011
1463677885587761374,8.58333301544,14.2233543396,-0.552338123322,-4.84160470963,0.00907741300762,0.0,0.169280380011
1463677885621171213,8.61666679382,14.0675239563,-0.551645338535,-4.50821685791,0.0324894487858,0.0,0.169280380011
1463677885672163189,8.64999961853,13.9226150513,-0.551480591297,-4.18635225296,-0.0226039066911,0.0,0.169280380011
1463677885687078078,8.68333339691,13.7883777618,-0.552314400673,-3.86785697937,-0.0274243745953,3.06115436554,0.169280380011
1463677885721546038,8.71666622162,13.6647415161,-0.552716314793,-3.55032777786,0.00330929644406,3.06115436554,0.169280380011
1463677885754569799,8.75,13.5517272949,-0.551538109779,-3.23055005074,0.0673834905028,3.06115436554,0.169280380011
1463677885788491884,8.78333377838,13.4494810104,-0.54764932394,-2.90423107147,0.165941700339,3.06115436554,0.169280380011
1463677885820843315,8.81666660309,13.3579063416,-0.540455639362,-2.59024596214,0.265680283308,3.06115436554,0.169280380011
1463677885872948144,8.85000038147,13.277680397,-0.528412342072,-2.22328662872,0.456917017698,3.06115436554,0.169280380011
1463677885888420073,8.88333320618,13.2055187225,-0.515120327473,-2.10644292831,0.340603649616,0.0,0.169280380011
1463677885921062364,8.91666698456,13.1508140564,-0.488763809204,-1.17582321167,1.24078714848,0.0,0.169280380011
1463677885954250155,8.94999980927,13.1042947769,-0.459561675787,-1.61533498764,0.511341691017,0.0,0.169280380011
1463677885987355231,8.98333358765,13.0466556549,-0.449967175722,-1.84299504757,0.0643272325397,0.0,0.169280380011
1463677886021041795,9.01666641235,12.9841852188,-0.451657116413,-1.90522825718,-0.165721952915,0.0,0.169280380011
1463677886072168871,9.05000019073,12.920671463,-0.459457814693,-1.90559613705,-0.302320122719,0.0,0.169280380011
1463677886096508013,9.08333301544,12.8640193939,-0.464179366827,-1.49350774288,0.0190267860889,0.0,0.169280380011
1463677886123589265,9.11666679382,12.8178768158,-0.461336106062,-1.27507436275,0.151568025351,0.0,0.169280380011
1463677886159729348,9.14999961853,12.7849664688,-0.447755783796,-0.699572861195,0.663251578808,0.0,0.169280380011
1463677886187565895,9.18333339691,12.7643432617,-0.424058675766,-0.537786841393,0.758575320244,0.0,0.169280380011
1463677886220645162,9.21666622162,12.751832962,-0.394322067499,-0.212858721614,1.02562105656,0.0,0.169280380011
1463677886282552805,9.25,12.7610664368,-0.344559013844,0.766915142536,1.96016120911,0.0,0.169280380011
1463677886287754410,9.28333377838,12.7670593262,-0.300323933363,-0.407383441925,0.693944275379,0.0,0.169280380011
1463677886321159804,9.31666660309,12.7555980682,-0.276117056608,-0.280261665583,0.758468449116,0.0,0.169280380011
1463677886354819093,9.35000038147,12.7390937805,-0.259138673544,-0.709987103939,0.260234206915,0.0,0.169280380011
1463677886389221888,9.38333320618,12.7109231949,-0.255927532911,-0.9802942276,-0.0675655677915,0.0,0.169280380011
1463677886421432710,9.41666698456,12.6799602509,-0.257183730602,-0.877470970154,-0.00780635373667,0.0,0.169280380011
1463677886485931428,9.44999980927,12.6530370712,-0.25567483902,-0.737921178341,0.0983405560255,0.0,0.169280380011
1463677886488686148,9.48333358765,12.6298027039,-0.251457422972,-0.656102359295,0.154703348875,0.0,0.169280380011
1463677886520331894,9.51666641235,12.6095762253,-0.24496178329,-0.557524859905,0.235035255551,0.0,0.169280380011
1463677886555747888,9.55000019073,12.6060781479,-0.22224907577,0.34763532877,1.12772703171,0.0,0.169280380011
1463677886587640786,9.58333301544,12.6139421463,-0.188619852066,0.124222710729,0.890026986599,0.0,0.169280380011
1463677886620635921,9.61666679382,12.6188631058,-0.158439218998,0.17103895545,0.920810759068,0.0,0.169280380011
1463677886678973926,9.64999961853,12.6224431992,-0.130165308714,0.0437390916049,0.775623440742,0.0,0.169280380011
1463677886686534976,9.68333339691,12.6194000244,-0.109123103321,-0.226299926639,0.486909121275,0.0,0.169280380011
1463677886722421093,9.71666622162,12.6034460068,-0.101579725742,-0.730944156647,-0.0343062393367,0.0,0.169280380011
1463677886754858288,9.75,12.5782032013,-0.103756286204,-0.783610641956,-0.0962873622775,0.0,0.169280380011
1463677886788263922,9.78333377838,12.5532941818,-0.105771303177,-0.710948765278,-0.0246135685593,0.0,0.169280380011
1463677886821135063,9.81666660309,12.5302457809,-0.105826385319,-0.671961247921,0.0213083289564,0.0,0.169280380011
1463677886869823474,9.85000038147,12.5091638565,-0.103560291231,-0.59297734499,0.114657610655,0.0,0.169280380011
1463677886892513788,9.88333320618,12.4969892502,-0.0917874202132,-0.137451454997,0.59171462059,0.0,0.169280380011
1463677886921768388,9.91666698456,12.4885406494,-0.0755497664213,-0.369510352612,0.382544338703,0.0,0.169280380011
1463677886954705168,9.94999980927,12.4783735275,-0.060193810612,-0.240475952625,0.538813054562,0.0,0.169280380011
1463677886988338352,9.98333358765,12.4745140076,-0.0375678688288,0.00888494309038,0.818743407726,0.0,0.169280380011
1463677887022005490,10.0166664124,12.4668655396,-0.0177451800555,-0.467806279659,0.370617896318,0.0,0.169280380011
