%time,field.sys_time,field.q0,field.q1,field.dq0,field.dq1,field.sac0,field.u0
1463677983325967280,0.0,0.0,0.0,0.0,0.0,0.0,0.54449403286
1463677983353921974,0.0166666675359,3.14181232452,-0.649238169193,0.0131817022339,-0.0132395923138,0.0,0.54449403286
1463677983388383266,0.0500000007451,3.14182043076,-0.649249136448,-0.0126939881593,0.0125840874389,0.0,0.54449403286
1463677983422622757,0.0833333358169,3.14143157005,-0.648863732815,-0.0106430035084,0.0105399368331,0.0,0.54449403286
1463677983474640152,0.116666667163,3.14114618301,-0.648579955101,-0.0064784148708,0.00648548966274,0.0,0.54449403286
1463677983486338430,0.15000000596,3.14121770859,-0.648649334908,0.0107706515118,-0.0106472270563,0.0,0.54449403286
1463677983521318885,0.183333337307,3.14176797867,-0.649195492268,0.0222403109074,-0.0221213009208,0.0,0.54449403286
1463677983554206515,0.216666668653,3.14495253563,-0.652390420437,0.168837070465,-0.169576793909,0.0,0.54449403286
1463677983587045985,0.25,3.14847993851,-0.655971646309,0.0428107045591,-0.0452954731882,0.0,0.54449403286
1463677983622032905,0.283333331347,3.14934158325,-0.656956195831,0.00888486392796,-0.0137765472755,0.0,0.54449403286
1463677983686853023,0.316666662693,3.14899659157,-0.656814754009,-0.0295806769282,0.0222619418055,0.0,0.54449403286
1463677983694198935,0.34999999404,3.14910459518,-0.657208263874,0.0360552333295,-0.045874401927,0.0,0.54449403286
1463677983722224133,0.383333325386,3.14950013161,-0.657972872257,-0.0123181845993,0.0,0.0,0.54449403286
1463677983755748102,0.416666656733,3.1558201313,-0.664774596691,0.391511708498,-0.408104807138,0.0,0.54449403286
1463677983787378444,0.449999988079,3.17148971558,-0.681133270264,0.548673391342,-0.573414802551,0.0,0.54449403286
1463677983820535887,0.483333319426,3.1968998909,-0.707630991936,0.975926876068,-1.01644766331,0.0,0.54449403286
1463677983854481848,0.516666650772,3.25703668594,-0.769687473774,2.63229250908,-2.70694231987,0.0,0.54449403286
1463677983887118969,0.550000011921,3.3316719532,-0.847562193871,1.84581065178,-1.96553993225,0.0,0.54449403286
1463677983921879366,0.583333313465,3.38139414787,-0.902216732502,1.13753211498,-1.31373286247,0.0,0.54449403286
1463677983954029321,0.616666674614,3.4489967823,-0.978261709213,2.9186193943,-3.24896526337,0.0,0.54449403286
1463677983987923568,0.649999976158,3.52495980263,-1.0658775568,1.63916230202,-2.00798368454,0.0,0.54449403286
1463677984020623487,0.683333337307,3.57694292068,-1.13232636452,1.47982227802,-1.97894918919,0.0,0.54449403286
1463677984054049892,0.716666638851,3.63821458817,-1.21439874172,2.19648814201,-2.94539165497,0.0,0.54449403286
1463677984090775902,0.75,3.70367956161,-1.30684280396,1.73139953613,-2.60125207901,0.0,0.54449403286
1463677984121649467,0.783333361149,3.75629782677,-1.39111161232,1.42569732666,-2.45487546921,0.0,0.54449403286
1463677984155231785,0.816666662693,3.79009604454,-1.45988667011,0.602196455002,-1.67162907124,0.0,0.54449403286
1463677984187242675,0.850000023842,3.83907175064,-1.55647850037,2.33634305,-4.12388038635,0.0,0.54449403286
1463677984222553979,0.883333325386,3.88500857353,-1.65574872494,0.419875711203,-1.83233368397,0.0,0.54449403286
1463677984287249304,0.916666686535,3.9279062748,-1.76153552532,2.15398263931,-4.51487112045,0.0,0.54449403286
1463677984291669933,0.949999988079,3.97315216064,-1.87887942791,0.560765266418,-2.52576899529,0.0,0.54449403286
1463677984320847783,0.983333349228,3.98386263847,-1.95717632771,0.0818740725517,-2.17204093933,0.0,0.54449403286
1463677984353944304,1.01666665077,3.98404192924,-2.03185677528,-0.0711172744632,-2.30878829956,0.0,0.54449403286
1463677984387196201,1.04999995232,3.9764714241,-2.10707950592,-0.383119434118,-2.20456814766,0.0,0.54449403286
1463677984420668036,1.08333337307,3.95596075058,-2.17499780655,-0.847514629364,-1.87053191662,0.0,0.54449403286
1463677984481427287,1.11666667461,3.91755962372,-2.22829937935,-1.45656430721,-1.32756102085,0.0,0.54449403286
1463677984487497637,1.14999997616,3.87047362328,-2.27960205078,-1.36859464645,-1.75060141087,0.0,0.54449403286
1463677984522927475,1.1833332777,3.80345058441,-2.3143184185,-2.65278816223,-0.332385241985,0.0,0.54449403286
1463677984554609748,1.21666669846,3.70844340324,-2.3210747242,-3.04763889313,-0.0729916021228,0.0,0.54449403286
1463677984587621930,1.25,3.60245347023,-2.32141947746,-3.31176185608,0.0523103997111,0.0,0.54449403286
1463677984622039425,1.28333330154,3.49055957794,-2.32027077675,-3.4018611908,0.0166126899421,0.0,0.54449403286
1463677984678745634,1.3166667223,3.36820983887,-2.31188130379,-3.93912410736,0.486745923758,0.0,0.54449403286
1463677984688183174,1.35000002384,3.23495531082,-2.29444813728,-4.05614423752,0.559242784977,0.0,0.54449403286
1463677984721564854,1.38333332539,3.10069584846,-2.27678108215,-3.99943327904,0.500782847404,0.0,0.54449403286
1463677984753780582,1.41666662693,2.96761870384,-2.25962996483,-3.98519611359,0.528291165829,0.0,0.54449403286
1463677984787943334,1.45000004768,2.83515810966,-2.24096703529,-3.96243548393,0.591479659081,0.0,0.54449403286
1463677984822529164,1.48333334923,2.69731020927,-2.21281576157,-4.30843782425,1.09760129452,0.0,0.54449403286
1463677984882554467,1.51666665077,2.53984928131,-2.15710902214,-5.13921308517,2.24479293823,0.0,0.54449403286
1463677984887256518,1.54999995232,2.37371015549,-2.08431649208,-4.82914209366,2.12275981903,0.0,0.54449403286
1463677984924462537,1.58333337307,2.22523474693,-2.02608156204,-4.07938432693,1.3713465929,0.0,0.54449403286
1463677984953767679,1.61666667461,2.07217335701,-1.94117105007,-5.10429000854,3.72327780724,0.0,0.54449403286
1463677984988185623,1.64999997616,1.91603136063,-1.8389788866,-4.26423406601,2.40825176239,0.0,0.54449403286
1463677985021612056,1.6833332777,1.78291189671,-1.77225863934,-3.72293519974,1.59496366978,0.0,0.54449403286
1463677985079991149,1.71666669846,1.65812087059,-1.6778126955,-3.76452612877,4.07179450989,0.0,0.54449403286
1463677985086572981,1.75,1.53915536404,-1.58184480667,-3.37340641022,1.6862757206,0.0,0.54449403286
1463677985120608534,1.78333330154,1.43293178082,-1.51749897003,-3.00000476837,2.17447662354,0.0,0.54449403286
1463677985153953442,1.8166667223,1.3429838419,-1.42023324966,-2.39687037468,3.66146421432,0.0,0.54449403286
1463677985187352226,1.85000002384,1.2620139122,-1.32233953476,-2.46132588387,2.21216464043,0.0,0.54449403286
1463677985220613383,1.88333332539,1.18527150154,-1.24824380875,-2.14322018623,2.23357319832,0.0,0.54449403286
1463677985253963373,1.91666662693,1.11396670341,-1.18575441837,-2.13506627083,1.51579010487,0.0,0.54449403286
1463677985287224292,1.95000004768,1.05234658718,-1.12529838085,-1.56213986874,2.11157274246,0.0,0.54449403286
1463677985320938967,1.98333334923,1.01467001438,-1.03618955612,-0.698455154896,3.23496007919,0.0,0.54449403286
1463677985354077853,2.01666665077,0.985168874264,-0.948506951332,-1.07161426544,2.02599406242,0.0,0.54449403286
1463677985387263223,2.04999995232,0.947984278202,-0.891511201859,-1.15946257114,1.39375340939,0.0,0.54449403286
1463677985421855096,2.08333325386,0.920555353165,-0.833655416965,-0.486271202564,2.07759094238,0.0,0.54449403286
1463677985476086580,2.1166665554,0.920392990112,-0.745242893696,0.476527005434,3.22715973854,0.0,0.54449403286
1463677985486467689,2.15000009537,0.921036422253,-0.670367360115,-0.43792039156,1.26537299156,0.0,0.54449403286
1463677985519934007,2.18333339691,0.932122528553,-0.593231737614,1.10308599472,3.36276674271,0.0,0.54449403286
1463677985554246615,2.21666669846,0.957485973835,-0.508330702782,0.418722599745,1.73129272461,0.0,0.54449403286
1463677985587757709,2.25,0.978885471821,-0.445400834084,0.865245461464,2.04449987411,0.0,0.54449403286
1463677985621704307,2.28333330154,1.00210225582,-0.395872324705,0.527764320374,0.927210390568,0.0,0.54449403286
1463677985685988679,2.31666660309,1.01821696758,-0.376414299011,0.439116477966,0.240271806717,0.0,0.54449403286
1463677985695174136,2.34999990463,1.03585016727,-0.371587723494,0.618874132633,0.0493225567043,0.0,0.54449403286
1463677985721341651,2.3833334446,1.06032943726,-0.371636807919,0.849882602692,-0.0522678159177,0.0,0.54449403286
1463677985754762854,2.41666674614,1.08929049969,-0.38206499815,0.887780368328,-0.573422670364,0.0,0.54449403286
1463677985787747448,2.45000004768,1.11753892899,-0.414928078651,0.807126581669,-1.39836287498,0.0,0.54449403286
1463677985820696662,2.48333334923,1.14789438248,-0.464956879616,1.01420044899,-1.60336434841,0.0,0.54449403286
1463677985854572562,2.51666665077,1.16896092892,-0.563289105892,0.2497895509,-4.29657030106,0.0,0.54449403286
1463677985887268504,2.54999995232,1.20103180408,-0.658104538918,1.67446410656,-1.39235377312,0.0,0.54449403286
1463677985920378516,2.58333325386,1.26166331768,-0.705307483673,1.96342539787,-1.4398252964,0.0,0.54449403286
1463677985954126147,2.6166665554,1.33573019505,-0.740692436695,2.48059296608,-0.683271467686,0.0,0.54449403286
1463677985987442510,2.65000009537,1.42636942863,-0.749517679214,2.95776247978,0.153759256005,0.0,0.54449403286
1463677986021413366,2.68333339691,1.53044605255,-0.742745995522,3.28683018684,0.25253868103,0.0,0.54449403286
1463677986076238113,2.71666669846,1.64534306526,-0.734092772007,3.60699295998,0.26665532589,0.0,0.54449403286
1463677986087502220,2.75,1.77104794979,-0.726645886898,3.93530225754,0.180158317089,0.0,0.54449403286
1463677986120943987,2.78333330154,1.90538644791,-0.713172495365,4.12500143051,0.628247082233,0.0,0.54449403286
1463677986154818751,2.81666660309,2.0494389534,-0.696522533894,4.51815605164,0.370747536421,0.0,0.54449403286
1463677986187429009,2.84999990463,2.20428681374,-0.683714866638,4.77270793915,0.397712439299,0.0,0.54449403286
1463677986220472855,2.8833334446,2.36709594727,-0.67009049654,4.99584674835,0.419749647379,0.0,0.54449403286
1463677986287834281,2.91666674614,2.53381609917,-0.652052283287,5.00735759735,0.662545800209,0.0,0.54449403286
1463677986291330638,2.95000004768,2.70989084244,-0.63759380579,5.55712938309,0.204962313175,0.0,0.54449403286
1463677986321817734,2.98333334923,2.89757728577,-0.631616652012,5.70405244827,0.153666034341,0.0,0.54449403286
1463677986354050096,3.01666665077,3.0909512043,-0.629118442535,5.89839220047,-0.00377264735289,0.0,0.54449403286
1463677986387437021,3.04999995232,3.28631806374,-0.628417670727,5.82361602783,0.0458172522485,0.0,0.54449403286
1463677986422500670,3.08333325386,3.48111486435,-0.629083752632,5.8641834259,-0.0857804268599,0.0,0.54449403286
1463677986474605833,3.1166665554,3.67792439461,-0.636120438576,5.94440221786,-0.336420953274,11.1525297165,0.54449403286
1463677986486717439,3.15000009537,3.87213277817,-0.646634936333,5.70809364319,-0.294450044632,11.1525297165,0.54449403286
1463677986521862902,3.18333339691,4.06507205963,-0.66647207737,5.86825561523,-0.895777881145,11.1525297165,0.54449403286
1463677986554420308,3.21666669846,4.25397014618,-0.69265204668,5.46565151215,-0.675020456314,11.1525297165,0.54449403286
1463677986587204866,3.25,4.43179941177,-0.717521965504,5.20407676697,-0.817173540592,11.1525297165,0.54449403286
1463677986622012996,3.28333330154,4.59980630875,-0.744791567326,4.8763422966,-0.819003045559,11.1525297165,0.54449403286
1463677986653784420,3.31666660309,4.7569231987,-0.776354134083,4.55067110062,-1.07475209236,11.1525297165,0.54449403286
1463677986687550899,3.34999990463,4.90467166901,-0.799062728882,4.31425476074,-0.287764281034,0.0,0.54449403286
1463677986721591762,3.3833334446,5.04344844818,-0.807386517525,4.01234674454,-0.211662381887,0.0,0.54449403286
1463677986754697424,3.41666674614,5.17350578308,-0.810745954514,3.79109048843,0.0100980279967,0.0,0.54449403286
1463677986786813475,3.45000004768,5.29497766495,-0.810578763485,3.49721121788,-6.68122738716e-05,0.0,0.54449403286
1463677986820469705,3.48333334923,5.40848398209,-0.808257758617,3.31317305565,0.139324769378,0.0,0.54449403286
1463677986853518518,3.51666665077,5.51465606689,-0.803901672363,3.05714488029,0.12204053998,0.0,0.54449403286
1463677986887982001,3.54999995232,5.61335229874,-0.799227535725,2.86463975906,0.158409640193,0.0,0.54449403286
1463677986920052651,3.58333325386,5.70944929123,-0.789202570915,2.90118598938,0.443088024855,0.0,0.54449403286
1463677986954194722,3.6166665554,5.79964447021,-0.77869862318,2.51052641869,0.187147542834,0.0,0.54449403286
1463677986987384676,3.65000009537,5.8834233284,-0.769706308842,2.51620864868,0.352392852306,0.0,0.54449403286
1463677987023481290,3.68333339691,5.97168970108,-0.751172542572,2.77976298332,0.759633302689,0.0,0.54449403286
1463677987054088145,3.71666669846,6.05990934372,-0.728883564472,2.5134036541,0.577704370022,0.0,0.54449403286
1463677987102296076,3.75,6.1511092186,-0.701035022736,2.95860409737,1.09320926666,0.0,0.54449403286
1463677987121370981,3.78333330154,6.23099756241,-0.682814836502,1.83469867706,0.0,0.0,0.54449403286
1463677987154214453,3.81666660309,6.31337213516,-0.661474525928,3.10776209831,1.28041875362,0.0,0.54449403286
1463677987187183563,3.84999990463,6.40509271622,-0.631032109261,2.39547944069,0.546127796173,0.0,0.54449403286
1463677987220320277,3.8833334446,6.48644638062,-0.6121276021,2.48575305939,0.588141560555,0.0,0.54449403286
1463677987287218140,3.91666674614,6.55567359924,-0.607837557793,1.66785502434,-0.330739110708,0.0,0.54449403286
1463677987294140275,3.95000004768,6.60444545746,-0.627635896206,1.25846529007,-0.857160806656,0.0,0.54449403286
1463677987320575519,3.98333334923,6.64794301987,-0.656468808651,1.35139155388,-0.872812330723,0.0,0.54449403286
1463677987354094199,4.01666688919,6.67083978653,-0.711649179459,0.022411134094,-2.43801116943,0.0,0.54449403286
1463677987387549483,4.05000019073,6.67540884018,-0.791017472744,0.251730948687,-2.32408618927,0.0,0.54449403286
1463677987422029900,4.08333349228,6.66730499268,-0.888623058796,-0.737969338894,-3.53224897385,0.0,0.54449403286
1463677987478928008,4.11666679382,6.65738773346,-0.992771029472,0.142953708768,-2.71663022041,31.5926818848,0.54449403286
1463677987486708909,4.15000009537,6.66465473175,-1.08278810978,0.293055862188,-2.68439054489,31.5926818848,0.54449403286
1463677987523028901,4.18333339691,6.67815542221,-1.17044889927,0.516999363899,-2.57526302338,31.5926818848,0.54449403286
1463677987554403319,4.21666669846,6.6703453064,-1.2858029604,-0.985622227192,-4.34597873688,31.5926818848,0.54449403286
1463677987587076722,4.25,6.66398620605,-1.4044226408,0.604072570801,-2.7712020874,31.5926818848,0.54449403286
1463677987620882569,4.28333330154,6.68572378159,-1.49729180336,0.700178146362,-2.80094623566,31.5926818848,0.54449403286
1463677987654502627,4.31666660309,6.71387481689,-1.58777618408,0.988904714584,-2.62811923027,31.5926818848,0.54449403286
1463677987711894909,4.34999990463,6.73117017746,-1.69533228874,0.0488078743219,-3.82524704933,0.0,0.54449403286
1463677987721660498,4.38333320618,6.79264593124,-1.75908648968,3.63973236084,0.0,0.0,0.54449403286
1463677987754465632,4.41666650772,6.90694093704,-1.77078294754,3.2179889679,-0.701787173748,0.0,0.54449403286
1463677987788332582,4.44999980927,7.02426195145,-1.78555071354,3.8212659359,-0.184284970164,0.0,0.54449403286
1463677987821171156,4.48333311081,7.15594911575,-1.79097688198,4.07996702194,-0.141284331679,0.0,0.54449403286
1463677987879217520,4.51666688919,7.29813241959,-1.79246068001,4.45100641251,0.0522599257529,0.0,0.54449403286
1463677987886502356,4.55000019073,7.45166826248,-1.78968691826,4.7611579895,0.114167191088,0.0,0.54449403286
1463677987921662147,4.58333349228,7.61707019806,-1.78059101105,5.16295957565,0.431583255529,0.0,0.54449403286
1463677987953993728,4.61666679382,7.79367113113,-1.77093791962,5.43308496475,0.147603437304,0.0,0.54449403286
1463677987988413564,4.65000009537,7.9800453186,-1.76631057262,5.74936485291,0.130035400391,0.0,0.54449403286
1463677988022276616,4.68333339691,8.17657756805,-1.76093149185,6.04258537292,0.192708268762,0.0,0.54449403286
1463677988081497087,4.71666669846,8.38206958771,-1.75284254551,6.28693294525,0.292634695768,-16.3268680573,0.54449403286
1463677988087747923,4.75,8.59691905975,-1.74495601654,6.60400629044,0.180556043983,-16.3268680573,0.54449403286
1463677988121589970,4.78333330154,8.81979370117,-1.73811423779,6.76852321625,0.229948937893,-16.3268680573,0.54449403286
1463677988154424247,4.81666660309,9.04663276672,-1.7291611433,6.84177017212,0.307233333588,-16.3268680573,0.54449403286
1463677988188025153,4.84999990463,9.27724266052,-1.72030079365,6.99486351013,0.224392309785,-16.3268680573,0.54449403286
1463677988221764845,4.88333320618,9.51062393188,-1.71306586266,7.00797319412,0.209698751569,-16.3268680573,0.54449403286
1463677988254462610,4.91666650772,9.74169063568,-1.7047971487,6.85604190826,0.286424279213,-16.3268680573,0.54449403286
1463677988287621763,4.94999980927,9.97058868408,-1.69833064079,6.87785768509,0.101568646729,0.0,0.54449403286
1463677988320740172,4.98333311081,10.1958065033,-1.69425499439,6.63520002365,0.142967164516,0.0,0.54449403286
1463677988355022335,5.01666688919,10.4102458954,-1.68574535847,6.23119401932,0.367611020803,0.0,0.54449403286
1463677988388594218,5.05000019073,10.6131563187,-1.67384207249,5.94340276718,0.346587926149,0.0,0.54449403286
1463677988420959718,5.08333349228,10.8056678772,-1.66141116619,5.60727834702,0.399269253016,0.0,0.54449403286
1463677988454421499,5.11666679382,10.9865932465,-1.64353692532,5.24827575684,0.673185348511,0.0,0.54449403286
1463677988487973514,5.15000009537,11.1558151245,-1.62329697609,4.9050412178,0.541208684444,-23.8444042206,0.54449403286
1463677988521758892,5.18333339691,11.3178071976,-1.5890609026,4.81447505951,1.51295721531,-23.8444042206,0.54449403286
1463677988554554639,5.21666669846,11.4718017578,-1.54209303856,4.42517900467,1.30511248112,-23.8444042206,0.54449403286
1463677988588731739,5.25,11.6200523376,-1.48810553551,4.46987819672,1.93414008617,-23.8444042206,0.54449403286
1463677988620705004,5.28333330154,11.7611379623,-1.42924416065,3.99526596069,1.59753859043,-23.8444042206,0.54449403286
1463677988681761247,5.31666660309,11.8894615173,-1.37744307518,3.70415735245,1.51052701473,0.0,0.54449403286
1463677988688084678,5.34999990463,12.0015554428,-1.33701884747,3.02147006989,0.914926469326,0.0,0.54449403286
1463677988720482919,5.38333320618,12.1205530167,-1.28244125843,4.11834621429,2.35972881317,0.0,0.54449403286
1463677988754587437,5.41666650772,12.2387199402,-1.22197914124,2.97168159485,1.26799857616,0.0,0.54449403286
1463677988788376333,5.44999980927,12.338716507,-1.17710030079,3.02810716629,1.42473220825,0.0,0.54449403286
1463677988821743379,5.48333311081,12.4399604797,-1.12824010849,3.04652762413,1.5068821907,0.0,0.54449403286
1463677988891609100,5.51666688919,12.5507926941,-1.06824553013,3.60344004631,2.09279441833,0.0,0.54449403286
1463677988903062485,5.55000019073,12.6738357544,-0.995711684227,3.7790954113,2.25923299789,0.0,0.54449403286
1463677988922120307,5.58333349228,12.7634038925,-0.958057820797,1.59504330158,0.0,0.0,0.54449403286
1463677988955297316,5.61666679382,12.8308649063,-0.9446195364,2.45257902145,0.806297004223,0.0,0.54449403286
1463677988987857993,5.65000009537,12.9042797089,-0.928112387657,1.95233416557,0.184132426977,0.0,0.54449403286
1463677989020869296,5.68333339691,12.96763134,-0.925880372524,1.84875571728,-0.050210069865,0.0,0.54449403286
1463677989077628116,5.71666669846,13.0058269501,-0.955789387226,0.442983567715,-1.74433398247,0.0,0.54449403286
1463677989086930725,5.75,13.0160274506,-1.02159106731,0.169041201472,-2.20376491547,0.0,0.54449403286
1463677989121039934,5.78333330154,13.0303449631,-1.08804535866,0.690007984638,-1.78349089622,0.0,0.54449403286
1463677989155105247,5.81666660309,13.0124721527,-1.19618403912,-1.76235592365,-4.70483255386,0.0,0.54449403286
1463677989187238993,5.84999990463,12.9815502167,-1.32510888577,-0.0929782167077,-3.03065705299,0.0,0.54449403286
1463677989220586137,5.88333320618,12.9789104462,-1.42802476883,-0.0654216632247,-3.14429616928,0.0,0.54449403286
1463677989281259195,5.91666650772,12.9822416306,-1.52920508385,0.265314429998,-2.92652368546,0.0,0.54449403286
1463677989286906685,5.94999980927,12.994055748,-1.62593173981,0.443540275097,-2.87707567215,0.0,0.54449403286
1463677989320272560,5.98333311081,13.0313796997,-1.69950842857,1.79588770866,-1.53752434254,0.0,0.54449403286
1463677989354275536,6.01666688919,13.0908708572,-1.75406420231,1.77357649803,-1.73582470417,0.0,0.54449403286
1463677989387778025,6.05000019073,13.1646051407,-1.79805958271,2.6505048275,-0.90389329195,0.0,0.54449403286
1463677989421358469,6.08333349228,13.2631111145,-1.81949937344,3.25981402397,-0.382496774197,0.0,0.54449403286
1463677989454284870,6.11666679382,13.3730545044,-1.83544659615,3.33679580688,-0.57433372736,0.0,0.54449403286
1463677989489983682,6.15000009537,13.4913578033,-1.84992837906,3.76142954826,-0.29457333684,0.0,0.54449403286
1463677989520304080,6.18333339691,13.6228866577,-1.85664117336,4.13030052185,-0.108199119568,0.0,0.54449403286
1463677989555245735,6.21666669846,13.7638902664,-1.86363601685,4.32989454269,-0.311487793922,0.0,0.54449403286
1463677989588076138,6.25,13.914229393,-1.87084293365,4.69047355652,-0.120931953192,0.0,0.54449403286
1463677989620902977,6.28333330154,14.0759477615,-1.87397682667,5.01258420944,-0.0670976862311,0.0,0.54449403286
1463677989687674038,6.31666660309,14.2482805252,-1.87475216389,5.32743501663,0.0205727182329,-15.7601480484,0.54449403286
1463677989692758702,6.34999990463,14.43085289,-1.87321937084,5.62688589096,0.0713950321078,-15.7601480484,0.54449403286
1463677989721793701,6.38333320618,14.623541832,-1.87156128883,5.9344367981,0.0280901379883,-15.7601480484,0.54449403286
1463677989755269237,6.41666650772,14.8258590698,-1.87091851234,6.20463180542,0.0104812383652,-15.7601480484,0.54449403286
1463677989787820842,6.44999980927,15.03647995,-1.87081921101,6.43260669708,-0.00452726427466,-15.7601480484,0.54449403286
1463677989821893769,6.48333311081,15.2532644272,-1.87056410313,6.57446622849,0.0198356900364,-15.7601480484,0.54449403286
1463677989883482716,6.51666688919,15.4730367661,-1.86882138252,6.61185789108,0.0847302898765,0.0,0.54449403286
1463677989888663852,6.55000019073,15.6948518753,-1.86693477631,6.69705820084,0.0284602344036,0.0,0.54449403286
1463677989921160495,6.58333349228,15.9129896164,-1.86158823967,6.39120578766,0.292338579893,0.0,0.54449403286
1463677989954052997,6.61666679382,16.1248760223,-1.85255169868,6.32193803787,0.24985319376,0.0,0.54449403286
1463677989987287751,6.65000009537,16.3332614899,-1.84482216835,6.18117523193,0.213918104768,0.0,0.54449403286
1463677990020512000,6.68333339691,16.5322570801,-1.83330047131,5.75858640671,0.477381289005,0.0,0.54449403286
1463677990073810685,6.71666669846,16.7200031281,-1.81780350208,5.50624370575,0.452435493469,0.0,0.54449403286
1463677990105097079,6.75,16.8971748352,-1.79963779449,5.12404441833,0.637506067753,0.0,0.54449403286
1463677990120059235,6.78333330154,17.0657596588,-1.78901278973,4.99105453491,0.0,0.0,0.54449403286
1463677990154501040,6.81666660309,17.2259731293,-1.78406238556,4.62175559998,0.297022074461,0.0,0.54449403286
1463677990188079321,6.84999990463,17.3745918274,-1.76961970329,4.29530954361,0.569540441036,0.0,0.54449403286
1463677990221079181,6.88333320618,17.5121040344,-1.75178408623,3.95546293259,0.500592827797,0.0,0.54449403286
1463677990292205143,6.91666650772,17.6399707794,-1.73062968254,3.7165043354,0.768673121929,0.0,0.54449403286
1463677990301120735,6.94999980927,17.7629871368,-1.69481611252,3.66443729401,1.38013970852,0.0,0.54449403286
1463677990320670722,6.98333311081,17.8684329987,-1.67181384563,2.66231989861,0.0,0.0,0.54449403286
1463677990355698252,7.01666688919,17.9754219055,-1.63356530666,3.75710558891,2.29491209984,0.0,0.54449403286
1463677990388541017,7.05000019073,18.0835323334,-1.57600712776,2.72944021225,1.15857303143,0.0,0.54449403286
1463677990421774828,7.08333349228,18.1705093384,-1.53782987595,2.48920989037,1.13206720352,0.0,0.54449403286
1463677990477871375,7.11666679382,18.2485179901,-1.502145648,2.19129514694,1.00898742676,0.0,0.54449403286
1463677990488585204,7.15000009537,18.3187408447,-1.46832513809,2.02214241028,1.02024316788,0.0,0.54449403286
1463677990520910847,7.18333339691,18.3864841461,-1.43091630936,2.04240441322,1.22428190708,0.0,0.54449403286
1463677990555194679,7.21666669846,18.4681224823,-1.37268781662,2.85590362549,2.2694299221,0.0,0.54449403286
1463677990588749298,7.25,18.5503139496,-1.30879461765,2.07554125786,1.56416296959,0.0,0.54449403286
1463677990620532196,7.28333330154,18.6165714264,-1.25814628601,1.89993226528,1.47473526001,0.0,0.54449403286
1463677990678855932,7.31666660309,18.6747398376,-1.21308124065,1.59019303322,1.22916996479,0.0,0.54449403286
1463677990687156479,7.34999990463,18.7227916718,-1.17625069618,1.29294788837,0.980659127235,0.0,0.54449403286
1463677990720545033,7.38333320618,18.7566661835,-1.1522141695,0.73943322897,0.461533397436,0.0,0.54449403286
1463677990755007422,7.41666650772,18.7734909058,-1.14420711994,0.27014786005,0.0188874881715,0.0,0.54449403286
1463677990787334332,7.44999980927,18.7750263214,-1.15066146851,-0.178098812699,-0.40614297986,0.0,0.54449403286
1463677990820526236,7.48333311081,18.7609786987,-1.17190766335,-0.664779365063,-0.868630349636,0.0,0.54449403286
1463677990853961363,7.51666688919,18.7324447632,-1.20673179626,-1.0471777916,-1.22082233429,0.0,0.54449403286
1463677990888789877,7.55000019073,18.6952724457,-1.24900102615,-1.18315827847,-1.31533157825,0.0,0.54449403286
1463677990921119265,7.58333349228,18.6579265594,-1.28979980946,-1.0576004982,-1.13259136677,0.0,0.54449403286
1463677990956107124,7.61666679382,18.6244678497,-1.32459390163,-0.949928343296,-0.955053448677,0.0,0.54449403286
1463677990987858566,7.65000009537,18.6031703949,-1.34445512295,-0.327952682972,-0.236618727446,0.0,0.54449403286
1463677991021809782,7.68333339691,18.5910625458,-1.35216152668,-0.398456782103,-0.225771158934,0.0,0.54449403286
1463677991093596262,7.71666669846,18.5791835785,-1.35676705837,-0.314302176237,-0.0505585409701,0.0,0.54449403286
1463677991097514164,7.75,18.5671329498,-1.35855400562,-0.408724576235,-0.056657936424,0.0,0.54449403286
1463677991120733304,7.78333330154,18.5528717041,-1.35949826241,-0.447037905455,0.0,0.0,0.54449403286
1463677991154134597,7.81666660309,18.5441646576,-1.35131418705,-0.0753623098135,0.491044044495,0.0,0.54449403286
1463677991187833220,7.84999990463,18.5425300598,-1.33230340481,-0.0227349102497,0.649603486061,0.0,0.54449403286
1463677991221210828,7.88333320618,18.538274765,-1.31258606911,-0.232551544905,0.533440411091,0.0,0.54449403286
1463677991277544513,7.91666650772,18.5435791016,-1.27931535244,0.550845146179,1.46280026436,0.0,0.54449403286
1463677991288306772,7.94999980927,18.554391861,-1.23675835133,0.0979089811444,1.09062445164,0.0,0.54449403286
1463677991321516411,7.98333311081,18.550567627,-1.20615100861,-0.327320098877,0.745813310146,0.0,0.54449403286
1463677991355364072,8.01666641235,18.5586147308,-1.15973901749,0.810065627098,2.03890609741,0.0,0.54449403286
1463677991387972698,8.05000019073,18.5726051331,-1.10371243954,0.0294011402875,1.32268559933,0.0,0.54449403286
1463677991422017124,8.08333301544,18.5667037964,-1.06522297859,-0.383516132832,0.986688256264,0.0,0.54449403286
1463677991491718224,8.11666679382,18.5745792389,-1.00919055939,0.856125056744,2.37525105476,0.0,0.54449403286
1463677991494686776,8.14999961853,18.6130485535,-0.918279230595,1.45202934742,3.07943248749,0.0,0.54449403286
1463677991520766288,8.18333339691,18.6100254059,-0.866955339909,-1.63351762295,0.0,0.0,0.54449403286
1463677991554001662,8.21666622162,18.6066970825,-0.812582671642,1.43385946751,3.2623591423,0.0,0.54449403286
1463677991587847476,8.25,18.623544693,-0.734242260456,-0.422998785973,1.43806684017,0.0,0.54449403286
1463677991620842757,8.28333377838,18.6472167969,-0.646271586418,1.84333229065,3.84017324448,0.0,0.54449403286
1463677991684995534,8.31666660309,18.6831226349,-0.543133854866,0.31095919013,2.34809112549,0.0,0.54449403286
1463677991689167672,8.35000038147,18.6808700562,-0.476739823818,-0.44611787796,1.63554954529,0.0,0.54449403286
1463677991723485969,8.38333320618,18.7069568634,-0.379743605852,2.01137065887,4.18422365189,0.0,0.54449403286
1463677991754859856,8.41666698456,18.7461032867,-0.267614483833,0.337447941303,2.54352402687,0.0,0.54449403286
1463677991787268108,8.44999980927,18.7570858002,-0.182552993298,0.321488797665,2.56016540527,0.0,0.54449403286
1463677991821848311,8.48333358765,18.7603874207,-0.10416392982,-0.123400911689,2.14317798615,0.0,0.54449403286
1463677991890981769,8.51666641235,18.7624168396,-0.0260677337646,0.245173111558,2.54259371758,0.0,0.54449403286
1463677991894228684,8.55000019073,18.7567462921,0.0452677644789,-0.585454523563,1.73753619194,0.0,0.54449403286
1463677991920919694,8.58333301544,18.7345733643,0.101061157882,-0.744882047176,1.61006724834,0.0,0.54449403286
1463677991958614813,8.61666679382,18.727678299,0.173470690846,0.331172913313,2.73450446129,0.0,0.54449403286
1463677991988391261,8.64999961853,18.7205142975,0.246958702803,-0.760946154594,1.6747764349,0.0,0.54449403286
1463677992021450419,8.68333339691,18.6961631775,0.304563105106,-0.700172901154,1.7814873457,0.0,0.54449403286
1463677992091927490,8.71666622162,18.6757011414,0.367749333382,-0.527503490448,2.00968599319,-19.6610279083,0.54449403286
1463677992095283816,8.75,18.6854667664,0.463504314423,1.11342823505,3.73561453819,-19.6610279083,0.54449403286
1463677992121455614,8.78333377838,18.6600837708,0.525764584541,-2.63644003868,0.0,-19.6610279083,0.54449403286
1463677992154191969,8.81666660309,18.646856308,0.603606164455,1.84277772903,4.67049598694,-19.6610279083,0.54449403286
1463677992190259862,8.85000038147,18.6639957428,0.715418159962,-0.814361333847,2.03822231293,-19.6610279083,0.54449403286
1463677992220347333,8.88333320618,18.630739212,0.778205037117,-1.18102502823,1.72899317741,-19.6610279083,0.54449403286
1463677992254563353,8.91666698456,18.5980854034,0.844033181667,-0.778266787529,2.22069311142,-19.6610279083,0.54449403286
1463677992290594038,8.94999980927,18.5507259369,0.89733505249,-2.06332755089,0.977420151234,0.0,0.54449403286
1463677992321280402,8.98333358765,18.4906921387,0.94098675251,-1.53863954544,1.64168334007,0.0,0.54449403286
1463677992355630553,9.01666641235,18.4602413177,1.02033543587,-0.288444131613,3.1192343235,0.0,0.54449403286
1463677992388110177,9.05000019073,18.4355487823,1.11024475098,-1.19311380386,2.2753276825,0.0,0.54449403286
1463677992421072607,9.08333301544,18.3830089569,1.17450809479,-1.9592833519,1.58047509193,0.0,0.54449403286
1463677992492032226,9.11666679382,18.360332489,1.27863502502,0.598776042461,4.66713571548,0.0,0.54449403286
1463677992498229639,9.14999961853,18.3531780243,1.40652012825,-1.02805387974,3.0059697628,0.0,0.54449403286
1463677992520799708,9.18333339691,18.3091659546,1.4985730648,-1.61267137527,2.51721143723,0.0,0.54449403286
1463677992554366427,9.21666622162,18.254152298,1.58440434933,-1.68820679188,2.63266658783,0.0,0.54449403286
1463677992587760934,9.25,18.1962566376,1.67402231693,-1.7854783535,2.74440670013,0.0,0.54449403286
1463677992620654236,9.28333377838,18.1372737885,1.77055621147,-1.75356292725,3.04762625694,0.0,0.54449403286
1463677992678791408,9.31666660309,18.0606937408,1.85248160362,-2.84116339684,1.86790132523,0.0,0.54449403286
1463677992687314549,9.35000038147,17.9690170288,1.92516982555,-2.65942931175,2.4933886528,0.0,0.54449403286
1463677992720693040,9.38333320618,17.8639011383,1.98802363873,-3.64759945869,1.27784442902,0.0,0.54449403286
1463677992754459816,9.41666698456,17.7472133636,2.04959416389,-3.35368490219,2.41638231277,0.0,0.54449403286
1463677992787594332,9.44999980927,17.6210174561,2.10641670227,-4.21804189682,0.992977261543,0.0,0.54449403286
1463677992821203922,9.48333358765,17.4726085663,2.12950825691,-4.68649053574,0.392505407333,0.0,0.54449403286
1463677992853959040,9.51666641235,17.3108139038,2.13983750343,-5.02121067047,0.227259516716,0.0,0.54449403286
1463677992887656149,9.55000019073,17.1384391785,2.14211583138,-5.32121181488,-0.0905640125275,0.0,0.54449403286
1463677992920751501,9.58333301544,16.9555797577,2.14068078995,-5.65036058426,0.00445882417262,0.0,0.54449403286
1463677992953711718,9.61666679382,16.7628250122,2.13989472389,-5.91490125656,-0.0516192354262,0.0,0.54449403286
1463677992987581013,9.64999961853,16.5617446899,2.13759756088,-6.1500082016,-0.0862163007259,0.0,0.54449403286
1463677993022673521,9.68333339691,16.3535823822,2.13423919678,-6.33962678909,-0.115283593535,0.0,0.54449403286
1463677993067797096,9.71666622162,16.1407489777,2.12913322449,-6.43040561676,-0.191066861153,0.0,0.54449403286
1463677993101508924,9.75,15.9221992493,2.12556314468,-6.68257904053,-0.0231369622052,0.0,0.54449403286
1463677993120666678,9.78333377838,15.7008686066,2.12299513817,-6.59729337692,-0.130947589874,0.0,0.54449403286
1463677993154239554,9.81666660309,15.480711937,2.11969447136,-6.61208820343,-0.0670895054936,0.0,0.54449403286
1463677993187406217,9.85000038147,15.2634296417,2.11623883247,-6.42485380173,-0.140250101686,0.0,0.54449403286
1463677993221064239,9.88333320618,15.0589866638,2.10368490219,-5.8417096138,-0.612993061543,0.0,0.54449403286
1463677993276510799,9.91666698456,14.8657522202,2.08643317223,-5.75238656998,-0.42209982872,0.0,0.54449403286
1463677993287294175,9.94999980927,14.6779546738,2.07332253456,-5.51548099518,-0.364543616772,0.0,0.54449403286
1463677993321273649,9.98333358765,14.4995346069,2.06024098396,-5.18971633911,-0.420349389315,0.0,0.54449403286
1463677993354399398,10.0166664124,14.3349123001,2.03516316414,-4.68762922287,-1.08432793617,0.0,0.54449403286
