%time,field.header.seq,field.header.stamp,field.header.frame_id,field.point.x,field.point.y,field.point.z
1463677930885990176,3124,1463677930884242057,trep_world,0.0,-0.230382131561,0.0
1463677930895309148,3125,1463677930894520998,trep_world,0.0,-0.229157047969,0.0
1463677930922664220,3126,1463677930921811103,trep_world,0.0,-0.228682189671,0.0
1463677930956455377,3127,1463677930956056118,trep_world,0.0,-0.229028726078,0.0
1463677930990125196,3128,1463677930988869905,trep_world,0.0,-0.227907816493,0.0
1463677931023786867,3129,1463677931022968053,trep_world,0.0,-0.223846080613,0.0
1463677931092431928,3130,1463677931091531991,trep_world,0.0,-0.2178559565,0.0
1463677931095000418,3131,1463677931094583988,trep_world,0.0,-0.213887726032,0.0
1463677931122395021,3132,1463677931121962070,trep_world,0.0,-0.213273768363,0.0
1463677931155490475,3133,1463677931154850959,trep_world,0.0,-0.212456446109,0.0
1463677931189903609,3134,1463677931189410924,trep_world,0.0,-0.208444662614,0.0
1463677931223749398,3135,1463677931222738981,trep_world,0.0,-0.193414478416,0.0
1463677931276953726,3136,1463677931275748014,trep_world,0.0,-0.149705397176,0.0
1463677931288186855,3137,1463677931287826061,trep_world,0.0,-0.0853191606402,0.0
1463677931323485695,3138,1463677931323107957,trep_world,0.0,-0.0130415171287,0.0
1463677931356415592,3139,1463677931355746984,trep_world,0.0,0.0928103275633,0.0
1463677931389653790,3140,1463677931389301061,trep_world,0.0,0.199016237345,0.0
1463677931423253899,3141,1463677931422554016,trep_world,0.0,0.28111298338,0.0
1463677931493927960,3142,1463677931493504047,trep_world,0.0,0.361762613026,0.0
1463677931498073940,3143,1463677931497791051,trep_world,0.0,0.437638100214,0.0
1463677931523788049,3144,1463677931522349119,trep_world,0.0,0.509500717721,0.0
1463677931555471463,3145,1463677931555187940,trep_world,0.0,0.610390877645,0.0
1463677931589296709,3146,1463677931588325977,trep_world,0.0,0.713980869799,0.0
1463677931622945928,3147,1463677931622404098,trep_world,0.0,0.786695901058,0.0
1463677931678099069,3148,1463677931677874088,trep_world,0.0,0.86051709885,0.0
1463677931688438382,3149,1463677931688246965,trep_world,0.0,0.934781431546,0.0
1463677931723170917,3150,1463677931722378015,trep_world,0.0,1.01722951785,0.0
1463677931757280135,3151,1463677931755794048,trep_world,0.0,1.10068262479,0.0
1463677931789414851,3152,1463677931789022922,trep_world,0.0,1.1740738249,0.0
1463677931824706829,3153,1463677931823828935,trep_world,0.0,1.25159422362,0.0
1463677931890330664,3154,1463677931889244079,trep_world,0.0,1.33197220675,0.0
1463677931894971131,3155,1463677931894632101,trep_world,0.0,1.38060699305,0.0
1463677931923110316,3156,1463677931922496080,trep_world,0.0,1.39321638252,0.0
1463677931955853137,3157,1463677931955121040,trep_world,0.0,1.39946232324,0.0
1463677931988417525,3158,1463677931987875938,trep_world,0.0,1.4009697071,0.0
1463677932022990375,3159,1463677932022649049,trep_world,0.0,1.39748663968,0.0
1463677932084349029,3160,1463677932082568883,trep_world,0.0,1.38261743178,0.0
1463677932087329222,3161,1463677932087152957,trep_world,0.0,1.35933424654,0.0
1463677932125664178,3162,1463677932123236894,trep_world,0.0,1.3324279165,0.0
1463677932156211766,3163,1463677932155735015,trep_world,0.0,1.28346417619,0.0
1463677932189761747,3164,1463677932188484907,trep_world,0.0,1.23550844834,0.0
1463677932223135023,3165,1463677932222527980,trep_world,0.0,1.18965190748,0.0
1463677932280755229,3166,1463677932280318975,trep_world,0.0,1.09786938686,0.0
1463677932287636795,3167,1463677932287400960,trep_world,0.0,1.01193463229,0.0
1463677932322433593,3168,1463677932321708917,trep_world,0.0,0.940961089782,0.0
1463677932356621721,3169,1463677932355349063,trep_world,0.0,0.817011930052,0.0
1463677932388684062,3170,1463677932387765884,trep_world,0.0,0.694091027303,0.0
1463677932422593660,3171,1463677932421511888,trep_world,0.0,0.611421837939,0.0
1463677932472775886,3172,1463677932472446918,trep_world,0.0,0.54059994399,0.0
1463677932489067039,3173,1463677932488190889,trep_world,0.0,0.476820616522,0.0
1463677932523478135,3174,1463677932522981882,trep_world,0.0,0.420094297501,0.0
1463677932555489939,3175,1463677932554997920,trep_world,0.0,0.364235397261,0.0
1463677932589703598,3176,1463677932588529109,trep_world,0.0,0.317800176546,0.0
1463677932624186485,3177,1463677932622978925,trep_world,0.0,0.285543337646,0.0
1463677932678960076,3178,1463677932678348064,trep_world,0.0,0.263132959139,0.0
1463677932688132535,3179,1463677932687894105,trep_world,0.0,0.256512962243,0.0
1463677932724059598,3180,1463677932722664117,trep_world,0.0,0.260872295607,0.0
1463677932756308198,3181,1463677932755543947,trep_world,0.0,0.273330841413,0.0
1463677932789782732,3182,1463677932789180994,trep_world,0.0,0.289318017496,0.0
1463677932822807517,3183,1463677932822428941,trep_world,0.0,0.301095606816,0.0
1463677932897865823,3184,1463677932897536993,trep_world,0.0,0.312597864219,0.0
1463677932901749367,3185,1463677932901556015,trep_world,0.0,0.328946162234,0.0
1463677932920963762,3186,1463677932920674085,trep_world,0.0,0.338370532952,0.0
1463677932955269651,3187,1463677932954801082,trep_world,0.0,0.33897414609,0.0
1463677932990164789,3188,1463677932989381074,trep_world,0.0,0.33502242098,0.0
1463677933022478354,3189,1463677933021718025,trep_world,0.0,0.322848641853,0.0
1463677933082651713,3190,1463677933080933094,trep_world,0.0,0.297145102845,0.0
1463677933087882669,3191,1463677933087392091,trep_world,0.0,0.245568483282,0.0
1463677933122074622,3192,1463677933121721982,trep_world,0.0,0.165700653241,0.0
1463677933158063673,3193,1463677933154464960,trep_world,0.0,0.0289470612619,0.0
1463677933191427923,3194,1463677933189857006,trep_world,0.0,-0.115054280305,0.0
1463677933221936694,3195,1463677933221494913,trep_world,0.0,-0.219268336876,0.0
1463677933275095338,3196,1463677933274466037,trep_world,0.0,-0.333365641362,0.0
1463677933291339326,3197,1463677933288961887,trep_world,0.0,-0.442735679727,0.0
1463677933321782866,3198,1463677933321374893,trep_world,0.0,-0.518333741878,0.0
1463677933358532428,3199,1463677933357764959,trep_world,0.0,-0.62023094544,0.0
1463677933388976784,3200,1463677933388425111,trep_world,0.0,-0.729591361729,0.0
1463677933422183468,3201,1463677933421639919,trep_world,0.0,-0.802603718772,0.0
1463677933487023501,3202,1463677933486483097,trep_world,0.0,-0.867925566305,0.0
1463677933494048062,3203,1463677933493618965,trep_world,0.0,-0.915208012104,0.0
1463677933522959052,3204,1463677933521131992,trep_world,0.0,-0.968270271178,0.0
1463677933556597019,3205,1463677933555212974,trep_world,0.0,-1.02420996449,0.0
1463677933588647680,3206,1463677933587873935,trep_world,0.0,-1.06404142774,0.0
1463677933624639995,3207,1463677933623368024,trep_world,0.0,-1.10040703163,0.0
1463677933705146963,3208,1463677933704174041,trep_world,0.0,-1.14645072809,0.0
1463677933709214889,3209,1463677933708754062,trep_world,0.0,-1.21854712858,0.0
1463677933723087194,3210,1463677933722301959,trep_world,0.0,-1.28031793441,0.0
1463677933758953231,3211,1463677933755599021,trep_world,0.0,-1.3344439377,0.0
1463677933789761555,3212,1463677933789242029,trep_world,0.0,-1.39883309614,0.0
1463677933825502546,3213,1463677933823489904,trep_world,0.0,-1.44638551018,0.0
1463677933877837081,3214,1463677933877322912,trep_world,0.0,-1.51220833009,0.0
1463677933888362844,3215,1463677933887522935,trep_world,0.0,-1.58922842008,0.0
1463677933923362008,3216,1463677933922950029,trep_world,0.0,-1.64214210905,0.0
1463677933957268643,3217,1463677933955390930,trep_world,0.0,-1.71167829283,0.0
1463677933990981357,3218,1463677933988923072,trep_world,0.0,-1.77723551745,0.0
1463677934024068068,3219,1463677934022598028,trep_world,0.0,-1.82114554877,0.0
1463677934099969053,3220,1463677934099761009,trep_world,0.0,-1.88788900145,0.0
1463677934104335673,3221,1463677934103898048,trep_world,0.0,-1.95865364978,0.0
1463677934122458654,3222,1463677934121519088,trep_world,0.0,-1.98760456165,0.0
1463677934157622075,3223,1463677934155504941,trep_world,0.0,-2.00102598368,0.0
1463677934190443228,3224,1463677934189225912,trep_world,0.0,-2.01684721928,0.0
1463677934223256759,3225,1463677934222750902,trep_world,0.0,-2.01888468843,0.0
1463677934255811832,3226,1463677934254344940,trep_world,0.0,-2.01677694355,0.0
1463677934300376572,3227,1463677934299956083,trep_world,0.0,-2.01253017885,0.0
1463677934323718345,3228,1463677934322879076,trep_world,0.0,-2.01002881462,0.0
1463677934356130732,3229,1463677934355720043,trep_world,0.0,-2.00792844028,0.0
1463677934389836542,3230,1463677934389125108,trep_world,0.0,-2.00552023619,0.0
1463677934424044029,3231,1463677934423094987,trep_world,0.0,-2.0056384226,0.0
1463677934488586050,3232,1463677934487500905,trep_world,0.0,-2.00573801555,0.0
1463677934494904518,3233,1463677934494256973,trep_world,0.0,-2.00303500172,0.0
1463677934522459129,3234,1463677934521608114,trep_world,0.0,-1.99992940936,0.0
1463677934554888051,3235,1463677934554243087,trep_world,0.0,-1.99789554128,0.0
1463677934588194538,3236,1463677934587631940,trep_world,0.0,-1.99543208159,0.0
1463677934623564160,3237,1463677934621169090,trep_world,0.0,-1.99037489758,0.0
1463677934675844579,3238,1463677934675116062,trep_world,0.0,-1.98282962044,0.0
1463677934690357067,3239,1463677934689275979,trep_world,0.0,-1.97361744213,0.0
1463677934722396211,3240,1463677934721918106,trep_world,0.0,-1.95607799013,0.0
1463677934757397439,3241,1463677934755749940,trep_world,0.0,-1.93237530202,0.0
1463677934790240685,3242,1463677934789105892,trep_world,0.0,-1.90482343879,0.0
1463677934824027420,3243,1463677934822565078,trep_world,0.0,-1.87764104422,0.0
1463677934877560009,3244,1463677934877211093,trep_world,0.0,-1.82841977241,0.0
1463677934890344012,3245,1463677934888242006,trep_world,0.0,-1.77442222308,0.0
1463677934921511548,3246,1463677934921276092,trep_world,0.0,-1.74877971546,0.0
1463677934955335604,3247,1463677934954497098,trep_world,0.0,-1.7124454213,0.0
1463677934990475252,3248,1463677934988264083,trep_world,0.0,-1.67337574274,0.0
1463677935022463523,3249,1463677935022073030,trep_world,0.0,-1.63147907021,0.0
1463677935088150181,3250,1463677935087104082,trep_world,0.0,-1.57609613155,0.0
1463677935091356118,3251,1463677935089943885,trep_world,0.0,-1.511134213,0.0
1463677935122941589,3252,1463677935122163057,trep_world,0.0,-1.43995084504,0.0
1463677935155678105,3253,1463677935155075073,trep_world,0.0,-1.37514417865,0.0
1463677935189856757,3254,1463677935188689947,trep_world,0.0,-1.30927679321,0.0
1463677935224669257,3255,1463677935223025083,trep_world,0.0,-1.24578624728,0.0
1463677935284578787,3256,1463677935283427000,trep_world,0.0,-1.17963463815,0.0
1463677935290320231,3257,1463677935290152072,trep_world,0.0,-1.13060834247,0.0
1463677935323849877,3258,1463677935322432994,trep_world,0.0,-1.08877143107,0.0
1463677935355075521,3259,1463677935354675054,trep_world,0.0,-1.03756765129,0.0
1463677935389387503,3260,1463677935388890981,trep_world,0.0,-1.00098428933,0.0
1463677935423556713,3261,1463677935423198938,trep_world,0.0,-0.980267528556,0.0
1463677935490981223,3262,1463677935471334934,trep_world,0.0,-0.960805283554,0.0
1463677935495958084,3263,1463677935495382070,trep_world,0.0,-0.943360840174,0.0
1463677935523234015,3264,1463677935522713899,trep_world,0.0,-0.931584723827,0.0
1463677935556563611,3265,1463677935555850982,trep_world,0.0,-0.909686328428,0.0
1463677935589626243,3266,1463677935589097023,trep_world,0.0,-0.886487732406,0.0
1463677935624257598,3267,1463677935623488903,trep_world,0.0,-0.86428958084,0.0
1463677935677198464,3268,1463677935677012920,trep_world,0.0,-0.825406431039,0.0
1463677935689335881,3269,1463677935688395023,trep_world,0.0,-0.781981835928,0.0
1463677935724008058,3270,1463677935723277091,trep_world,0.0,-0.744106369957,0.0
1463677935756485946,3271,1463677935755578994,trep_world,0.0,-0.690302413743,0.0
1463677935789260287,3272,1463677935788337945,trep_world,0.0,-0.6289196773,0.0
1463677935821997018,3273,1463677935821623086,trep_world,0.0,-0.571180435025,0.0
1463677935892986933,3274,1463677935892512083,trep_world,0.0,-0.516551874052,0.0
1463677935896252520,3275,1463677935895967960,trep_world,0.0,-0.399997101744,0.0
1463677935923266103,3276,1463677935922399044,trep_world,0.0,-0.270346740172,0.0
1463677935954816981,3277,1463677935954463958,trep_world,0.0,-0.196836211611,0.0
1463677935990138249,3278,1463677935988410949,trep_world,0.0,-0.0662519366091,0.0
1463677936023172071,3279,1463677936022073984,trep_world,0.0,0.0634531804185,0.0
1463677936077570227,3280,1463677936077101945,trep_world,0.0,0.182694297759,0.0
1463677936089467642,3281,1463677936088630914,trep_world,0.0,0.311121223129,0.0
1463677936123745119,3282,1463677936122103929,trep_world,0.0,0.38351854314,0.0
1463677936155891522,3283,1463677936155467987,trep_world,0.0,0.471426329326,0.0
1463677936189334477,3284,1463677936188894033,trep_world,0.0,0.559648528373,0.0
1463677936222755052,3285,1463677936222353935,trep_world,0.0,0.609083394979,0.0
1463677936310574950,3286,1463677936309381008,trep_world,0.0,0.649786265463,0.0
1463677936312920082,3287,1463677936312688112,trep_world,0.0,0.701598183572,0.0
1463677936323311562,3288,1463677936322796106,trep_world,0.0,0.734308577505,0.0
1463677936355811772,3289,1463677936355092048,trep_world,0.0,0.740763793707,0.0
1463677936389763834,3290,1463677936389070034,trep_world,0.0,0.747428991382,0.0
1463677936423029212,3291,1463677936422549962,trep_world,0.0,0.744592701253,0.0
1463677936507980759,3292,1463677936507642984,trep_world,0.0,0.738695720755,0.0
1463677936514265808,3293,1463677936513554096,trep_world,0.0,0.73611612752,0.0
1463677936523633844,3294,1463677936522380113,trep_world,0.0,0.736387243181,0.0
1463677936557886122,3295,1463677936556162118,trep_world,0.0,0.740072760794,0.0
1463677936588754367,3296,1463677936588392019,trep_world,0.0,0.746804846877,0.0
1463677936625354368,3297,1463677936624216079,trep_world,0.0,0.75364201256,0.0
1463677936686542966,3298,1463677936686150074,trep_world,0.0,0.767919321557,0.0
1463677936692596580,3299,1463677936692277908,trep_world,0.0,0.786821844072,0.0
1463677936722363985,3300,1463677936721031904,trep_world,0.0,0.804364816744,0.0
1463677936755166946,3301,1463677936754961013,trep_world,0.0,0.850216954312,0.0
1463677936790115922,3302,1463677936789511919,trep_world,0.0,0.911839719672,0.0
1463677936822488599,3303,1463677936822065114,trep_world,0.0,0.957047889949,0.0
1463677936889303922,3304,1463677936888550043,trep_world,0.0,1.03544873988,0.0
1463677936891998691,3305,1463677936891674041,trep_world,0.0,1.13247167747,0.0
1463677936924013506,3306,1463677936923685073,trep_world,0.0,1.19847300452,0.0
1463677936956381014,3307,1463677936955302953,trep_world,0.0,1.28796384498,0.0
1463677936988955733,3308,1463677936988109111,trep_world,0.0,1.38247796903,0.0
1463677937024105999,3309,1463677937023132085,trep_world,0.0,1.43320264393,0.0
1463677937107127444,3310,1463677937106656074,trep_world,0.0,1.49773198495,0.0
1463677937113836988,3311,1463677937113125085,trep_world,0.0,1.58079400777,0.0
1463677937122125724,3312,1463677937121674060,trep_world,0.0,1.61795922205,0.0
1463677937156192505,3313,1463677937155720949,trep_world,0.0,1.66478980467,0.0
1463677937190699263,3314,1463677937189196109,trep_world,0.0,1.73605962961,0.0
1463677937223853234,3315,1463677937222973108,trep_world,0.0,1.79198499954,0.0
1463677937290674019,3316,1463677937290225982,trep_world,0.0,1.86678682523,0.0
1463677937295960844,3317,1463677937295517921,trep_world,0.0,1.94632229347,0.0
1463677937322323166,3318,1463677937321249961,trep_world,0.0,2.00704045341,0.0
1463677937357629987,3319,1463677937354379892,trep_world,0.0,2.06075720725,0.0
1463677937389128277,3320,1463677937388530969,trep_world,0.0,2.10056811505,0.0
1463677937423090832,3321,1463677937422307968,trep_world,0.0,2.13138213287,0.0
1463677937487395511,3322,1463677937486553907,trep_world,0.0,2.16772048199,0.0
1463677937490386393,3323,1463677937489964008,trep_world,0.0,2.22145820724,0.0
1463677937520397507,3324,1463677937520147085,trep_world,0.0,2.27530199957,0.0
1463677937555009525,3325,1463677937554186105,trep_world,0.0,2.31167832152,0.0
1463677937588080913,3326,1463677937587204933,trep_world,0.0,2.33067703191,0.0
1463677937623142972,3327,1463677937622832059,trep_world,0.0,2.32949183157,0.0
1463677937689381166,3328,1463677937688678979,trep_world,0.0,2.32717519251,0.0
1463677937695234255,3329,1463677937694884061,trep_world,0.0,2.32328204888,0.0
1463677937723281612,3330,1463677937722588062,trep_world,0.0,2.31926037231,0.0
1463677937756232375,3331,1463677937755758047,trep_world,0.0,2.3102368107,0.0
1463677937789554165,3332,1463677937788927078,trep_world,0.0,2.30168804611,0.0
1463677937823250848,3333,1463677937822190999,trep_world,0.0,2.29706555938,0.0
1463677937875673223,3334,1463677937875262022,trep_world,0.0,2.29430273476,0.0
1463677937888510954,3335,1463677937887320041,trep_world,0.0,2.29177387848,0.0
1463677937923339117,3336,1463677937922188043,trep_world,0.0,2.2820578353,0.0
1463677937956112315,3337,1463677937954374074,trep_world,0.0,2.27269921219,0.0
1463677937989629631,3338,1463677937989061117,trep_world,0.0,2.25426728354,0.0
1463677938023086764,3339,1463677938022090911,trep_world,0.0,2.22583841018,0.0
1463677938092634235,3340,1463677938091924905,trep_world,0.0,2.20450710849,0.0
1463677938097073054,3341,1463677938096882104,trep_world,0.0,2.16383068212,0.0
1463677938124512996,3342,1463677938123188018,trep_world,0.0,2.11792556913,0.0
1463677938154627282,3343,1463677938154402017,trep_world,0.0,2.09597588308,0.0
1463677938191398391,3344,1463677938188260078,trep_world,0.0,2.07818367341,0.0
1463677938222760061,3345,1463677938221389055,trep_world,0.0,2.02557546133,0.0
1463677938289360342,3346,1463677938288918972,trep_world,0.0,1.9538706222,0.0
1463677938292805439,3347,1463677938292191028,trep_world,0.0,1.8490680887,0.0
1463677938321313042,3348,1463677938320950031,trep_world,0.0,1.74309579907,0.0
1463677938356266265,3349,1463677938354830980,trep_world,0.0,1.65559253073,0.0
1463677938389194185,3350,1463677938388343095,trep_world,0.0,1.53023129683,0.0
1463677938422958954,3351,1463677938421458005,trep_world,0.0,1.36859620304,0.0
1463677938492771980,3352,1463677938491915941,trep_world,0.0,1.20764357046,0.0
1463677938502307457,3353,1463677938499119043,trep_world,0.0,1.07098641603,0.0
1463677938522720588,3354,1463677938521944999,trep_world,0.0,0.945966477012,0.0
1463677938556788903,3355,1463677938555753946,trep_world,0.0,0.818478518757,0.0
1463677938589926159,3356,1463677938589346885,trep_world,0.0,0.726821391728,0.0
1463677938623660936,3357,1463677938622282981,trep_world,0.0,0.684194511537,0.0
1463677938697176006,3358,1463677938696523904,trep_world,0.0,0.635808805118,0.0
1463677938702272721,3359,1463677938702099084,trep_world,0.0,0.600851750277,0.0
1463677938722457134,3360,1463677938722006082,trep_world,0.0,0.5900930359,0.0
1463677938756333668,3361,1463677938755737066,trep_world,0.0,0.587376536939,0.0
1463677938789609285,3362,1463677938788974046,trep_world,0.0,0.585269121252,0.0
1463677938825139634,3363,1463677938823038101,trep_world,0.0,0.583328852456,0.0
1463677938890684962,3364,1463677938889226913,trep_world,0.0,0.575881037932,0.0
1463677938894890993,3365,1463677938894602060,trep_world,0.0,0.56075053832,0.0
1463677938923832139,3366,1463677938923162937,trep_world,0.0,0.546622753843,0.0
1463677938956869060,3367,1463677938955550909,trep_world,0.0,0.525867368859,0.0
1463677938989580183,3368,1463677938987601995,trep_world,0.0,0.49409218235,0.0
1463677939022215800,3369,1463677939021712064,trep_world,0.0,0.451703562858,0.0
1463677939079382212,3370,1463677939079185009,trep_world,0.0,0.403913908086,0.0
1463677939090983317,3371,1463677939090572118,trep_world,0.0,0.359862625979,0.0
1463677939123377215,3372,1463677939122978925,trep_world,0.0,0.316114583082,0.0
1463677939157315377,3373,1463677939156332015,trep_world,0.0,0.266131827478,0.0
1463677939189094405,3374,1463677939188626050,trep_world,0.0,0.219150192864,0.0
1463677939222826571,3375,1463677939222362041,trep_world,0.0,0.181907479533,0.0
1463677939282939391,3376,1463677939282499074,trep_world,0.0,0.153193861387,0.0
1463677939287600342,3377,1463677939287384033,trep_world,0.0,0.137787580268,0.0
1463677939322635892,3378,1463677939322254896,trep_world,0.0,0.124739750436,0.0
1463677939354894233,3379,1463677939354528903,trep_world,0.0,0.115957660357,0.0
1463677939389551376,3380,1463677939388999938,trep_world,0.0,0.115172656067,0.0
1463677939423971776,3381,1463677939423134088,trep_world,0.0,0.115166913731,0.0
1463677939476541584,3382,1463677939476082086,trep_world,0.0,0.115085994746,0.0
1463677939490221217,3383,1463677939489054918,trep_world,0.0,0.114820588114,0.0
1463677939523336826,3384,1463677939522929906,trep_world,0.0,0.11392555101,0.0
1463677939557038329,3385,1463677939556190967,trep_world,0.0,0.106917992889,0.0
1463677939590028753,3386,1463677939587574958,trep_world,0.0,0.0934667184681,0.0
1463677939623269356,3387,1463677939621699094,trep_world,0.0,0.0819424109348,0.0
1463677939675900182,3388,1463677939675616025,trep_world,0.0,0.0763811576039,0.0
1463677939689268086,3389,1463677939688800096,trep_world,0.0,0.0787786255543,0.0
1463677939722367011,3390,1463677939722011089,trep_world,0.0,0.0854773809664,0.0
1463677939756567356,3391,1463677939755542039,trep_world,0.0,0.0873159419968,0.0
1463677939789177214,3392,1463677939788743019,trep_world,0.0,0.0798640243914,0.0
1463677939823628344,3393,1463677939822583913,trep_world,0.0,0.070393374737,0.0
1463677939892666062,3394,1463677939891840934,trep_world,0.0,0.0669938932011,0.0
1463677939896400422,3395,1463677939895543098,trep_world,0.0,0.0709618127946,0.0
1463677939925672806,3396,1463677939923907041,trep_world,0.0,0.101320533206,0.0
1463677939957691863,3397,1463677939955869913,trep_world,0.0,0.139591475208,0.0
1463677939989754212,3398,1463677939989283084,trep_world,0.0,0.167169805197,0.0
1463677940023898607,3399,1463677940023540973,trep_world,0.0,0.189346989432,0.0
1463677940093326450,3400,1463677940091515064,trep_world,0.0,0.192290463835,0.0
1463677940097983721,3401,1463677940097733974,trep_world,0.0,0.181781313714,0.0
1463677940124449411,3402,1463677940123590946,trep_world,0.0,0.159353748684,0.0
1463677940156324050,3403,1463677940155848979,trep_world,0.0,0.117203492434,0.0
1463677940190799137,3404,1463677940188952922,trep_world,0.0,0.0677841628598,0.0
1463677940222870982,3405,1463677940222532987,trep_world,0.0,0.0186785614103,0.0
1463677940291014955,3406,1463677940290216922,trep_world,0.0,-0.0400422882181,0.0
1463677940297245914,3407,1463677940295180082,trep_world,0.0,-0.140568940062,0.0
1463677940320819830,3408,1463677940320449113,trep_world,0.0,-0.228670068686,0.0
1463677940356573837,3409,1463677940356139898,trep_world,0.0,-0.288637973558,0.0
1463677940389682440,3410,1463677940388622999,trep_world,0.0,-0.357379202566,0.0
1463677940423569129,3411,1463677940421833992,trep_world,0.0,-0.404002326871,0.0
1463677940490897173,3412,1463677940490629911,trep_world,0.0,-0.454004175234,0.0
1463677940496402969,3413,1463677940496144056,trep_world,0.0,-0.525875396735,0.0
1463677940523436045,3414,1463677940522789001,trep_world,0.0,-0.56560211221,0.0
1463677940556205516,3415,1463677940555778026,trep_world,0.0,-0.608730824352,0.0
1463677940589975766,3416,1463677940588921070,trep_world,0.0,-0.667803672733,0.0
1463677940622998965,3417,1463677940622231006,trep_world,0.0,-0.696536771209,0.0
1463677940702694153,3418,1463677940700850009,trep_world,0.0,-0.740871591486,0.0
1463677940703949045,3419,1463677940703764915,trep_world,0.0,-0.788565362748,0.0
1463677940722658640,3420,1463677940721030950,trep_world,0.0,-0.820359705289,0.0
1463677940757275398,3421,1463677940755702018,trep_world,0.0,-0.852517350883,0.0
1463677940790321587,3422,1463677940789437055,trep_world,0.0,-0.888786714042,0.0
1463677940823543677,3423,1463677940822807073,trep_world,0.0,-0.931689384286,0.0
1463677940878402615,3424,1463677940877657890,trep_world,0.0,-0.997573782194,0.0
