%time,field.sys_time,field.q0,field.q1,field.dq0,field.dq1,field.sac0,field.u0
1463677677572976871,0.0,0.0,0.0,0.0,0.0,0.0,-0.750413537025
1463677677587785032,0.0166666675359,3.14046478271,2.42906618118,-0.0676653310657,0.0679624453187,0.0,-0.750413537025
1463677677620999586,0.0500000007451,3.14598751068,2.42353343964,0.399022102356,-0.399916470051,0.0,-0.750413537025
1463677677679765565,0.0833333358169,3.15015935898,2.41930103302,-0.148712173104,0.145970448852,0.0,-0.750413537025
1463677677688179051,0.116666667163,3.14549684525,2.42384195328,-0.131043478847,0.126480996609,0.0,-0.750413537025
1463677677720878612,0.15000000596,3.14667749405,2.42247915268,0.201883465052,-0.208251103759,0.0,-0.750413537025
1463677677754018419,0.183333337307,3.15264987946,2.41624617577,0.156460687518,-0.165727362037,0.0,-0.750413537025
1463677677787673859,0.216666668653,3.15220832825,2.41632533073,-0.182948753238,0.170473590493,0.0,-0.750413537025
1463677677821583843,0.25,3.14795827866,2.42011523247,-0.0720557272434,0.0569217465818,0.0,-0.750413537025
1463677677893425217,0.283333331347,3.1466524601,2.4208855629,-0.00629267096519,-0.0106997340918,0.0,-0.750413537025
1463677677898020205,0.316666662693,3.15038967133,2.41653776169,0.230520993471,-0.250164240599,0.0,-0.750413537025
1463677677920320282,0.34999999404,3.1546049118,2.41160774231,0.0224017295986,-0.0456335730851,0.0,-0.750413537025
1463677677954056958,0.383333325386,3.15368199348,2.41169047356,-0.0777855589986,0.0505879297853,0.0,-0.750413537025
1463677677989653276,0.416666656733,3.15061950684,2.41379165649,-0.105963230133,0.0754911750555,0.0,-0.750413537025
1463677678021277412,0.449999988079,3.14849209785,2.41486048698,-0.0216768048704,-0.0113652041182,0.0,-0.750413537025
1463677678081645298,0.483333319426,3.15773940086,2.40443325043,0.576518714428,-0.614274024963,0.0,-0.750413537025
1463677678087107347,0.516666650772,3.17434477806,2.38642501831,0.419804871082,-0.466221660376,0.0,-0.750413537025
1463677678120556798,0.550000011921,3.18713259697,2.37186765671,0.347460925579,-0.407212018967,0.0,-0.750413537025
1463677678155299554,0.583333313465,3.199832201,2.35688042641,0.414513140917,-0.492021888494,0.0,-0.750413537025
1463677678187549361,0.616666674614,3.21662378311,2.33711910248,0.592981815338,-0.693657398224,0.0,-0.750413537025
1463677678220640206,0.649999976158,3.24266171455,2.30719661713,0.96929115057,-1.1016958952,0.0,-0.750413537025
1463677678284398605,0.683333337307,3.26974987984,2.27508354187,0.65599668026,-0.825083374977,0.0,-0.750413537025
1463677678289237972,0.716666638851,3.2975268364,2.24080729485,1.01062822342,-1.23148870468,0.0,-0.750413537025
1463677678320538573,0.75,3.34593296051,2.1837875843,1.8937420845,-2.18969750404,0.0,-0.750413537025
1463677678354349104,0.783333361149,3.40629029274,2.11228895187,1.72768700123,-2.10021877289,0.0,-0.750413537025
1463677678387126829,0.816666662693,3.47205066681,2.03202915192,2.21794271469,-2.71537804604,0.0,-0.750413537025
1463677678420545963,0.850000023842,3.55081510544,1.93416833878,2.50791692734,-3.15626978874,0.0,-0.750413537025
1463677678480793995,0.883333325386,3.67945027351,1.7763389349,5.21019268036,-6.31349086761,0.0,-0.750413537025
1463677678486415225,0.916666686535,3.8263528347,1.59464466572,3.60396647453,-4.5881652832,34.0824737549,-0.750413537025
1463677678520709381,0.949999988079,3.92629647255,1.46401083469,2.39265465736,-3.24986124039,34.0824737549,-0.750413537025
1463677678554080169,0.983333349228,4.0676612854,1.25930690765,6.08922529221,-9.03238105774,34.0824737549,-0.750413537025
1463677678591052166,1.01666665077,4.21880912781,1.04868233204,2.97965550423,-3.60509157181,34.0824737549,-0.750413537025
1463677678620760304,1.04999995232,4.32388448715,0.903483450413,3.3248500824,-5.1068406105,34.0824737549,-0.750413537025
1463677678674057490,1.08333337307,4.43698835373,0.710282862186,3.46139907837,-6.48519563675,34.0824737549,-0.750413537025
1463677678687301079,1.11666667461,4.54069042206,0.523110687733,2.7607190609,-4.74513483047,0.0,-0.750413537025
1463677678720445447,1.14999997616,4.62655305862,0.370424509048,2.39105010033,-4.41603422165,0.0,-0.750413537025
1463677678754487996,1.1833332777,4.7013835907,0.20952399075,2.09876704216,-5.23799657822,0.0,-0.750413537025
1463677678787437688,1.21666669846,4.76733350754,0.097040861845,1.85823905468,-1.5109910965,0.0,-0.750413537025
1463677678822703454,1.25,4.82341957092,0.0421997085214,1.50693202019,-1.77947819233,0.0,-0.750413537025
1463677678889599369,1.28333330154,4.86919021606,-0.00994564406574,1.23929715157,-1.34924292564,0.0,-0.750413537025
1463677678907069065,1.3166667223,4.90875291824,-0.0342554003,1.13447260857,-0.10934240371,0.0,-0.750413537025
1463677678921522855,1.35000002384,4.94160842896,-0.0360777713358,0.836857318878,0.0,0.0,-0.750413537025
1463677678954728451,1.38333332539,4.96419763565,-0.0360731184483,0.518493115902,0.000279255211353,0.0,-0.750413537025
1463677678987956222,1.41666662693,4.97602891922,-0.0367500111461,0.191377207637,-0.0408927164972,0.0,-0.750413537025
1463677679021711724,1.45000004768,4.9768652916,-0.0391974262893,-0.141207769513,-0.105952270329,0.0,-0.750413537025
1463677679085199712,1.48333334923,4.96729755402,-0.0412066318095,-0.432845920324,-0.0146000925452,0.0,-0.750413537025
1463677679091143136,1.51666665077,4.94737005234,-0.0426446162164,-0.762793421745,-0.0716790258884,0.0,-0.750413537025
1463677679121325478,1.54999995232,4.91608762741,-0.0476118251681,-1.11416649818,-0.226353406906,0.0,-0.750413537025
1463677679154343641,1.58333337307,4.87213611603,-0.0632801130414,-1.52291274071,-0.713743746281,0.0,-0.750413537025
1463677679187634902,1.61666667461,4.81680107117,-0.0812583267689,-1.79720425606,-0.364949405193,0.0,-0.750413537025
1463677679220920174,1.64999997616,4.75144672394,-0.0944080427289,-2.12404227257,-0.424033254385,0.0,-0.750413537025
1463677679254128705,1.6833332777,4.67525672913,-0.111521445215,-2.44736075401,-0.602771103382,0.0,-0.750413537025
1463677679288368229,1.71666669846,4.58874082565,-0.13691598177,-2.74358415604,-0.920901417732,0.0,-0.750413537025
1463677679320888486,1.75,4.49054813385,-0.158922553062,-3.14799594879,-0.399492263794,0.0,-0.750413537025
1463677679354840454,1.78333330154,4.38088417053,-0.17374163866,-3.43182897568,-0.489652991295,0.0,-0.750413537025
1463677679388034022,1.8166667223,4.26109170914,-0.188810989261,-3.75571346283,-0.414508074522,0.0,-0.750413537025
1463677679423002923,1.85000002384,4.13019609451,-0.200409397483,-4.09803390503,-0.281396090984,0.0,-0.750413537025
1463677679478323652,1.88333332539,3.99147129059,-0.21321606636,-4.22546291351,-0.487004250288,14.1680164337,-0.750413537025
1463677679487723012,1.91666662693,3.84314012527,-0.22410865128,-4.67439508438,-0.1665507406,14.1680164337,-0.750413537025
1463677679520985923,1.95000004768,3.6829161644,-0.227958068252,-4.93905305862,-0.0644150525331,14.1680164337,-0.750413537025
1463677679554483963,1.98333334923,3.51667332649,-0.230832666159,-5.03551769257,-0.10806004703,14.1680164337,-0.750413537025
1463677679588255295,2.01666665077,3.34594321251,-0.232902348042,-5.2082824707,-0.016120987013,14.1680164337,-0.750413537025
1463677679620715285,2.04999995232,3.17151856422,-0.233111992478,-5.25719308853,0.00354225421324,14.1680164337,-0.750413537025
1463677679679232016,2.08333325386,2.99636316299,-0.232620149851,-5.25214338303,0.0259677227587,14.1680164337,-0.750413537025
1463677679687299712,2.1166665554,2.82312369347,-0.232206612825,-5.14222383499,-0.00115506292786,0.0,-0.750413537025
1463677679720781077,2.15000009537,2.65338420868,-0.231591194868,-5.04213571548,0.0380800068378,0.0,-0.750413537025
1463677679754142222,2.18333339691,2.48835897446,-0.230293989182,-4.859375,0.0397527515888,0.0,-0.750413537025
1463677679789121860,2.21666669846,2.33050322533,-0.229456529021,-4.61197710037,0.0104949353263,0.0,-0.750413537025
1463677679822158981,2.25,2.18132829666,-0.229467958212,-4.33852434158,-0.011180954054,0.0,-0.750413537025
1463677679879869554,2.28333330154,2.04055857658,-0.228032663465,-4.10765838623,0.0972984582186,0.0,-0.750413537025
1463677679886696487,2.31666660309,1.90896260738,-0.225351244211,-3.78809356689,0.0635869279504,0.0,-0.750413537025
1463677679920751491,2.34999990463,1.78811490536,-0.223577454686,-3.46277070045,0.0428403168917,0.0,-0.750413537025
1463677679954155446,2.3833334446,1.67828762531,-0.223037540913,-3.12686395645,-0.0104456925765,0.0,-0.750413537025
1463677679987573250,2.41666674614,1.57956302166,-0.223247170448,-2.79661440849,-0.00213197618723,0.0,-0.750413537025
1463677680021229569,2.45000004768,1.49184012413,-0.223642155528,-2.46675515175,-0.0215668547899,0.0,-0.750413537025
1463677680092078334,2.48333334923,1.41516160965,-0.223704144359,-2.1339597702,0.0178469177336,0.0,-0.750413537025
1463677680096492079,2.51666665077,1.34940910339,-0.223221376538,-1.81118714809,0.0111192977056,0.0,-0.750413537025
1463677680121621359,2.54999995232,1.2943406105,-0.2229193151,-1.49292254448,0.00700442586094,0.0,-0.750413537025
1463677680154653315,2.58333325386,1.24980545044,-0.222723811865,-1.17919313908,0.00472570257261,0.0,-0.750413537025
1463677680188082277,2.6166665554,1.21565830708,-0.22258298099,-0.869632065296,0.00372467190027,0.0,-0.750413537025
1463677680222072391,2.65000009537,1.19182443619,-0.222315713763,-0.560399532318,0.01231148839,0.0,-0.750413537025
1463677680285444474,2.68333339691,1.17872822285,-0.220511808991,-0.225373968482,0.095922075212,0.0,-0.750413537025
1463677680287840760,2.71666669846,1.1759301424,-0.218138068914,0.0574873276055,0.0465022362769,0.0,-0.750413537025
1463677680322142279,2.75,1.18270349503,-0.217033043504,0.348916888237,0.019800087437,0.0,-0.750413537025
1463677680354131753,2.78333330154,1.19950199127,-0.216039076447,0.658993601799,0.0398371256888,0.0,-0.750413537025
1463677680387572530,2.81666660309,1.2262815237,-0.215462267399,0.947776079178,-0.00522776180878,0.0,-0.750413537025
1463677680420689177,2.84999990463,1.26295030117,-0.215793669224,1.25235044956,-0.0146566452459,0.0,-0.750413537025
1463677680453917543,2.8833334446,1.30995059013,-0.216037943959,1.56766986847,0.0,0.0,-0.750413537025
1463677680489568064,2.91666674614,1.36735522747,-0.216470345855,1.87660312653,-0.0259439572692,0.0,-0.750413537025
1463677680521066057,2.95000004768,1.43523955345,-0.217199802399,2.19646239281,-0.0178234633058,0.0,-0.750413537025
1463677680556498289,2.98333334923,1.51380109787,-0.217839837074,2.51722979546,-0.020578218624,0.0,-0.750413537025
1463677680587233689,3.01666665077,1.60307776928,-0.218278199434,2.83937096596,-0.00572363194078,0.0,-0.750413537025
1463677680620908345,3.04999995232,1.70306897163,-0.2185741961,3.16009449959,-0.0120364036411,0.0,-0.750413537025
1463677680688001374,3.08333325386,1.81366539001,-0.219031438231,3.4756963253,-0.0153979985043,0.0,-0.750413537025
1463677680693357173,3.1166665554,1.93457686901,-0.219437375665,3.77899122238,-0.00895831361413,0.0,-0.750413537025
1463677680723432056,3.15000009537,2.06520247459,-0.21931822598,4.05854940414,0.0161075163633,0.0,-0.750413537025
1463677680754113134,3.18333339691,2.20453596115,-0.21798324585,4.30145835876,0.063991099596,0.0,-0.750413537025
1463677680788482632,3.21666669846,2.35194587708,-0.215886577964,4.54313421249,0.0618087276816,0.0,-0.750413537025
1463677680820615502,3.25,2.50673031807,-0.213730767369,4.74392604828,0.0675396546721,0.0,-0.750413537025
1463677680877276704,3.28333330154,2.66415262222,-0.207435682416,4.70141935349,0.310165703297,0.0,-0.750413537025
1463677680887648566,3.31666660309,2.82513451576,-0.199592635036,4.95749044418,0.16041700542,0.0,-0.750413537025
1463677680921506451,3.34999990463,2.99232172966,-0.195091351867,5.07374572754,0.109659843147,0.0,-0.750413537025
1463677680954181430,3.3833334446,3.16313362122,-0.192918196321,5.17497062683,0.0207293797284,0.0,-0.750413537025
1463677680988366614,3.41666674614,3.33612990379,-0.193457126617,5.20480775833,-0.0530651137233,0.0,-0.750413537025
1463677681022072678,3.45000004768,3.51004600525,-0.197378769517,5.23014593124,-0.182233408093,0.0,-0.750413537025
1463677681073447621,3.48333334923,3.68975424767,-0.21224245429,5.55236005783,-0.709587693214,0.0,-0.750413537025
1463677681086336774,3.51666665077,3.87333035469,-0.238249734044,5.46220445633,-0.85084849596,9.45331478119,-0.750413537025
1463677681122811592,3.54999995232,4.05615186691,-0.273765355349,5.50707483292,-1.28008913994,9.45331478119,-0.750413537025
1463677681155603839,3.58333325386,4.24707651138,-0.338987350464,5.94839859009,-2.63323044777,9.45331478119,-0.750413537025
1463677681187091636,3.6166665554,4.43918704987,-0.42419680953,5.5782365799,-2.47933721542,9.45331478119,-0.750413537025
1463677681220515131,3.65000009537,4.61921596527,-0.504581689835,5.22351264954,-2.34375476837,9.45331478119,-0.750413537025
1463677681270172047,3.68333339691,4.78780651093,-0.5920612216,4.89193058014,-2.90501689911,9.45331478119,-0.750413537025
1463677681300542762,3.71666669846,4.95001220703,-0.659224748611,4.84040546417,-1.12479555607,0.0,-0.750413537025
1463677681320850111,3.75,5.10848379135,-0.689007520676,4.66788911819,-0.662169754505,0.0,-0.750413537025
1463677681353983931,3.78333330154,5.26173973083,-0.705345094204,4.52745008469,-0.318086981773,0.0,-0.750413537025
1463677681388378644,3.81666660309,5.41106891632,-0.710921287537,4.43231344223,-0.0164839420468,0.0,-0.750413537025
1463677681421520081,3.84999990463,5.55611228943,-0.709590673447,4.27027273178,0.0963229984045,0.0,-0.750413537025
1463677681494634726,3.8833334446,5.69690895081,-0.704001545906,4.17755413055,0.23902323842,0.0,-0.750413537025
1463677681498685824,3.91666674614,5.83479309082,-0.694387674332,4.09549379349,0.337809801102,0.0,-0.750413537025
1463677681521711305,3.95000004768,5.96952438354,-0.682753682137,3.9883723259,0.36022773385,0.0,-0.750413537025
1463677681554621805,3.98333334923,6.10508346558,-0.666578650475,4.1451625824,0.61027520895,0.0,-0.750413537025
1463677681587095271,4.01666688919,6.24022006989,-0.648568630219,3.96303653717,0.470327138901,0.0,-0.750413537025
1463677681621978002,4.05000019073,6.37093496323,-0.634287893772,3.87986826897,0.386516273022,0.0,-0.750413537025
1463677681654388347,4.08333349228,6.49996137619,-0.622433900833,3.8617067337,0.324723511934,0.0,-0.750413537025
1463677681696931777,4.11666679382,6.62491035461,-0.616982638836,3.63524079323,0.00235265935771,0.0,-0.750413537025
1463677681722896650,4.15000009537,6.74661827087,-0.618527472019,3.66722369194,-0.095043413341,0.0,-0.750413537025
1463677681755265713,4.18333339691,6.86614513397,-0.627849042416,3.50439882278,-0.464250296354,0.0,-0.750413537025
1463677681787374947,4.21666669846,6.98412084579,-0.645811259747,3.57412576675,-0.613481760025,0.0,-0.750413537025
1463677681820375488,4.25,7.10431861877,-0.669830918312,3.63773798943,-0.827700436115,0.0,-0.750413537025
1463677681881958099,4.28333330154,7.22823476791,-0.69968098402,3.79723477364,-0.963303387165,0.0,-0.750413537025
1463677681886968395,4.31666660309,7.36029005051,-0.729942500591,4.12610530853,-0.852385818958,0.0,-0.750413537025
1463677681920620717,4.34999990463,7.50503158569,-0.752619504929,4.55838441849,-0.508235752583,0.0,-0.750413537025
1463677681954021788,4.38333320618,7.66286563873,-0.766652405262,4.91163682938,-0.333736032248,0.0,-0.750413537025
1463677681987005238,4.41666650772,7.83223819733,-0.774153769016,5.25073337555,-0.116347789764,0.0,-0.750413537025
1463677682021232793,4.44999980927,8.01246643066,-0.777162849903,5.56297874451,-0.0641980171204,0.0,-0.750413537025
1463677682053742560,4.48333311081,8.20271110535,-0.778188169003,5.85165548325,0.00268106837757,0.0,-0.750413537025
1463677682087954966,4.51666688919,8.40232563019,-0.777738213539,6.12523937225,0.0243160352111,-12.0243940353,-0.750413537025
1463677682121044147,4.55000019073,8.6105260849,-0.776756167412,6.36676740646,0.0346048437059,-12.0243940353,-0.750413537025
1463677682154949842,4.58333349228,8.82669830322,-0.776406466961,6.60355710983,-0.013621808961,-12.0243940353,-0.750413537025
1463677682187162068,4.61666679382,9.04962825775,-0.777385950089,6.77227592468,-0.0451458953321,-12.0243940353,-0.750413537025
1463677682221719594,4.65000009537,9.27630329132,-0.778603434563,6.82824420929,-0.027903970331,-12.0243940353,-0.750413537025
1463677682280155996,4.68333339691,9.50360584259,-0.779230237007,6.80990123749,-0.00970584154129,0.0,-0.750413537025
1463677682287285355,4.71666669846,9.72924232483,-0.779409706593,6.72825813293,-0.00106236967258,0.0,-0.750413537025
1463677682321697876,4.75,9.95167732239,-0.78002256155,6.61786365509,-0.0357063487172,0.0,-0.750413537025
1463677682355174845,4.78333330154,10.1685085297,-0.780753910542,6.3920211792,-0.00817586947232,0.0,-0.750413537025
1463677682389472420,4.81666660309,10.3780202866,-0.782055675983,6.17866325378,-0.0699306949973,0.0,-0.750413537025
1463677682424845831,4.84999990463,10.5800180435,-0.786253809929,5.94119310379,-0.181956276298,0.0,-0.750413537025
1463677682479190983,4.88333320618,10.7736177444,-0.795106232166,5.67477560043,-0.34918910265,-8.2300157547,-0.750413537025
1463677682486500539,4.91666650772,10.9572029114,-0.806428968906,5.3403840065,-0.330175608397,-8.2300157547,-0.750413537025
1463677682521238929,4.94999980927,11.1295909882,-0.818623304367,5.00286388397,-0.401484966278,-8.2300157547,-0.750413537025
1463677682553699922,4.98333311081,11.2913751602,-0.82987511158,4.70416975021,-0.273622334003,-8.2300157547,-0.750413537025
1463677682588303975,5.01666688919,11.4420585632,-0.841549277306,4.33687782288,-0.426828384399,-8.2300157547,-0.750413537025
1463677682620569593,5.05000019073,11.580915451,-0.85751914978,3.99451470375,-0.531363606453,-8.2300157547,-0.750413537025
1463677682677178322,5.08333349228,11.7140655518,-0.867939651012,3.9944653511,-0.0938678085804,-8.2300157547,-0.750413537025
1463677682688588670,5.11666679382,11.8440246582,-0.869983136654,3.80308103561,-0.0287405401468,0.0,-0.750413537025
1463677682721594645,5.15000009537,11.9681386948,-0.869953095913,3.64379191399,0.0305434372276,0.0,-0.750413537025
1463677682754887406,5.18333339691,12.0852031708,-0.870685219765,3.38005137444,-0.0744702741504,0.0,-0.750413537025
1463677682787203001,5.21666669846,12.1932697296,-0.87564599514,3.10395503044,-0.223174989223,0.0,-0.750413537025
1463677682821067236,5.25,12.2907323837,-0.887498915195,2.74380779266,-0.488003373146,0.0,-0.750413537025
1463677682895733203,5.28333330154,12.3699998856,-0.91491985321,2.01227283478,-1.15725171566,0.0,-0.750413537025
1463677682901108225,5.31666660309,12.4291057587,-0.960614621639,1.53403890133,-1.58443391323,0.0,-0.750413537025
1463677682920479663,5.34999990463,12.5058679581,-0.987021863461,3.07173442841,0.0,0.0,-0.750413537025
1463677682953983882,5.38333320618,12.5787029266,-1.01640558243,1.29833769798,-1.76302659512,0.0,-0.750413537025
1463677682988126137,5.41666650772,12.637131691,-1.06017553806,2.20740365982,-0.863168120384,0.0,-0.750413537025
1463677683020514630,5.44999980927,12.7022132874,-1.09801435471,1.69745016098,-1.4071611166,0.0,-0.750413537025
1463677683055461439,5.48333311081,12.7343797684,-1.17050504684,0.232595086098,-2.94227766991,0.0,-0.750413537025
1463677683088077745,5.51666688919,12.7635040283,-1.24784362316,1.51482820511,-1.69803833961,25.7901382446,-0.750413537025
1463677683123607743,5.55000019073,12.8231601715,-1.29624688625,2.06454205513,-1.20615637302,25.7901382446,-0.750413537025
1463677683154880937,5.58333349228,12.8778991699,-1.35271346569,1.21980249882,-2.18183732033,25.7901382446,-0.750413537025
1463677683188504017,5.61666679382,12.9225578308,-1.42305517197,1.45971679688,-2.03866767883,25.7901382446,-0.750413537025
1463677683221045329,5.65000009537,12.9758234024,-1.48818421364,1.73622918129,-1.86907792091,25.7901382446,-0.750413537025
1463677683293017621,5.68333339691,13.0238780975,-1.56383001804,1.14702010155,-2.66966867447,25.7901382446,-0.750413537025
1463677683298662749,5.71666669846,13.0734272003,-1.64286339283,1.82595074177,-2.07232999802,0.0,-0.750413537025
1463677683322172487,5.75,13.1422233582,-1.70589697361,2.30182123184,-1.70969092846,0.0,-0.750413537025
1463677683354389533,5.78333330154,13.2112703323,-1.77604413033,1.84101331234,-2.49913716316,0.0,-0.750413537025
1463677683387760779,5.81666660309,13.2941036224,-1.83614706993,3.12894296646,-1.10703825951,0.0,-0.750413537025
1463677683421111008,5.84999990463,13.4027194977,-1.87223601341,3.38800930977,-1.05829799175,0.0,-0.750413537025
1463677683454664088,5.88333320618,13.5220804214,-1.90387320518,3.77368497849,-0.839937150478,0.0,-0.750413537025
1463677683487491532,5.91666650772,13.6504020691,-1.93566453457,3.92561554909,-1.06753587723,0.0,-0.750413537025
1463677683520927664,5.94999980927,13.7866315842,-1.96996974945,4.2481098175,-0.990783512592,0.0,-0.750413537025
1463677683554054853,5.98333311081,13.9333763123,-2.00286102295,4.5565776825,-0.982690691948,0.0,-0.750413537025
1463677683587690363,6.01666688919,14.0904026031,-2.03655052185,4.86501932144,-1.03868484497,0.0,-0.750413537025
1463677683622811047,6.05000019073,14.2573785782,-2.05724477768,5.15353107452,-0.202956974506,0.0,-0.750413537025
1463677683654108546,6.08333349228,14.4340457916,-2.06265711784,5.44653129578,-0.121787764132,0.0,-0.750413537025
1463677683696533492,6.11666679382,14.6196289062,-2.06452941895,5.68844795227,0.00944346282631,0.0,-0.750413537025
1463677683720983339,6.15000009537,14.8137216568,-2.06440424919,5.95707559586,-0.00192773994058,0.0,-0.750413537025
1463677683754560123,6.18333339691,15.0159168243,-2.06437540054,6.17467164993,0.00365659571253,0.0,-0.750413537025
1463677683788469544,6.21666669846,15.2246465683,-2.0643465519,6.34907341003,-0.00193129933905,0.0,-0.750413537025
1463677683822786978,6.25,15.4371099472,-2.06335234642,6.39874649048,0.0615865811706,0.0,-0.750413537025
1463677683884192072,6.28333330154,15.6495542526,-2.0597281456,6.34791517258,0.15586784482,0.0,-0.750413537025
1463677683888768474,6.31666660309,15.862285614,-2.0560977459,6.41596651077,0.0619511008263,0.0,-0.750413537025
1463677683920981238,6.34999990463,16.0736179352,-2.05303835869,6.26401138306,0.12161886692,0.0,-0.750413537025
1463677683954161601,6.38333320618,16.279001236,-2.04808807373,6.05897760391,0.175394922495,0.0,-0.750413537025
1463677683987845991,6.41666650772,16.4787025452,-2.04385566711,5.92307138443,0.0785457491875,0.0,-0.750413537025
1463677684022486168,6.44999980927,16.6742076874,-2.04489660263,5.80727863312,-0.140989676118,0.0,-0.750413537025
1463677684080440406,6.48333311081,16.8618488312,-2.04744696617,5.45114183426,-0.0120384953916,0.0,-0.750413537025
1463677684086372563,6.51666688919,17.0388145447,-2.04953837395,5.16679334641,-0.113442949951,0.0,-0.750413537025
1463677684120501465,6.55000019073,17.2056312561,-2.05390763283,4.84220838547,-0.148710727692,0.0,-0.750413537025
1463677684154253556,6.58333349228,17.3614654541,-2.06047558784,4.50789642334,-0.245374649763,0.0,-0.750413537025
1463677684187663000,6.61666679382,17.5063381195,-2.06804275513,4.18444108963,-0.208649098873,0.0,-0.750413537025
1463677684221925332,6.65000009537,17.6405773163,-2.07476115227,3.86994314194,-0.194451510906,0.0,-0.750413537025
1463677684284704064,6.68333339691,17.7643642426,-2.08161783218,3.55717635155,-0.21695536375,0.0,-0.750413537025
1463677684294644008,6.71666669846,17.8786277771,-2.08799672127,3.29870223999,-0.165771961212,0.0,-0.750413537025
1463677684322592977,6.75,17.985004425,-2.09216427803,3.08391976357,-0.0842845290899,0.0,-0.750413537025
1463677684353945973,6.78333330154,18.0840015411,-2.09462404251,2.85591316223,-0.0633053854108,0.0,-0.750413537025
1463677684387508090,6.81666660309,18.1760540009,-2.09604883194,2.66719865799,-0.0221853833646,0.0,-0.750413537025
1463677684420872490,6.84999990463,18.2624950409,-2.09578347206,2.51925444603,0.038110204041,0.0,-0.750413537025
1463677684486664847,6.88333320618,18.341594696,-2.09682440758,2.22678112984,-0.100568570197,0.0,-0.750413537025
1463677684490728129,6.91666650772,18.4126739502,-2.10086464882,2.03788256645,-0.14184384048,0.0,-0.750413537025
1463677684523576779,6.94999980927,18.4734725952,-2.11095309258,1.61003255844,-0.463454544544,0.0,-0.750413537025
1463677684554382911,6.98333311081,18.5103206635,-2.14225482941,0.600882828236,-1.41465854645,0.0,-0.750413537025
1463677684587788113,7.01666688919,18.5273113251,-2.1907389164,0.418586313725,-1.49438464642,0.0,-0.750413537025
1463677684620969937,7.05000019073,18.5353946686,-2.24493122101,0.0663917958736,-1.75714826584,0.0,-0.750413537025
1463677684654283589,7.08333349228,18.5138187408,-2.32670474052,-1.36095046997,-3.14926147461,0.0,-0.750413537025
1463677684692879504,7.11666679382,18.4857635498,-2.4112238884,-0.32234787941,-1.92189216614,0.0,-0.750413537025
1463677684720402240,7.15000009537,18.4750232697,-2.47318315506,-0.322075307369,-1.79566276073,0.0,-0.750413537025
1463677684754028860,7.18333339691,18.4582042694,-2.5374147892,-0.687069177628,-2.05824279785,0.0,-0.750413537025
1463677684787167815,7.21666669846,18.4447650909,-2.59344577789,-0.119266681373,-1.30360913277,0.0,-0.750413537025
1463677684821649277,7.25,18.4471645355,-2.62761974335,0.263208925724,-0.746837615967,0.0,-0.750413537025
1463677684888272502,7.28333330154,18.4476451874,-2.65920376778,-0.234376147389,-1.1481962204,0.0,-0.750413537025
1463677684894287368,7.31666660309,18.4497661591,-2.68433976173,0.361632734537,-0.359971106052,0.0,-0.750413537025
1463677684923072104,7.34999990463,18.4641666412,-2.69152569771,0.502383172512,-0.0711855962873,0.0,-0.750413537025
1463677684954544792,7.38333320618,18.4742641449,-2.6988697052,0.103510089219,-0.369442522526,0.0,-0.750413537025
1463677684987632697,7.41666650772,18.4787387848,-2.70794582367,0.164972901344,-0.175124302506,0.0,-0.750413537025
1463677685020561628,7.44999980927,18.493139267,-2.7021458149,0.699019491673,0.52311527729,0.0,-0.750413537025
1463677685073154110,7.48333311081,18.5148429871,-2.68442630768,0.603195428848,0.540058910847,0.0,-0.750413537025
1463677685087139504,7.51666688919,18.5484657288,-2.65033006668,1.41422724724,1.50571918488,0.0,-0.750413537025
1463677685120465622,7.55000019073,18.601556778,-2.5923743248,1.77115559578,1.9716168642,0.0,-0.750413537025
1463677685153854373,7.58333349228,18.694568634,-2.49075317383,3.80962562561,4.12566328049,0.0,-0.750413537025
1463677685188261025,7.61666679382,18.7889194489,-2.3852455616,1.85135257244,2.2047829628,0.0,-0.750413537025
1463677685220344782,7.65000009537,18.8701057434,-2.29212903976,3.01991033554,3.38220882416,0.0,-0.750413537025
1463677685275403467,7.68333339691,18.9944400787,-2.15613126755,4.44013500214,4.77766752243,0.0,-0.750413537025
1463677685286554263,7.71666669846,19.0947532654,-2.04655909538,1.57862734795,1.79665637016,0.0,-0.750413537025
1463677685320293830,7.75,19.1330089569,-2.0030298233,0.716704428196,0.81510168314,0.0,-0.750413537025
1463677685354050894,7.78333330154,19.1620941162,-1.9720736742,1.02840256691,1.04226434231,0.0,-0.750413537025
1463677685387192063,7.81666660309,19.1805286407,-1.9558942318,0.0777479708195,-0.0714986845851,0.0,-0.750413537025
1463677685420355278,7.84999990463,19.1853027344,-1.95785021782,0.208637475967,-0.0458595491946,0.0,-0.750413537025
1463677685473346385,7.88333320618,19.1884746552,-1.96530270576,-0.0182774793357,-0.40128749609,0.0,-0.750413537025
1463677685486689979,7.91666650772,19.1887874603,-1.97962284088,0.0370064228773,-0.457923054695,0.0,-0.750413537025
1463677685522050373,7.94999980927,19.1810684204,-2.00629997253,-0.500187337399,-1.14270019531,0.0,-0.750413537025
1463677685554854668,7.98333311081,19.1672821045,-2.04318714142,-0.326900154352,-1.07053816319,0.0,-0.750413537025
1463677685588133057,8.01666641235,19.1532115936,-2.08397316933,-0.517386555672,-1.37662363052,0.0,-0.750413537025
1463677685621005269,8.05000019073,19.1341247559,-2.13345336914,-0.627830386162,-1.59218275547,0.0,-0.750413537025
1463677685681594026,8.08333301544,19.0999889374,-2.20177388191,-1.42034649849,-2.50704503059,0.0,-0.750413537025
1463677685688987525,8.11666679382,19.079750061,-2.25885939598,0.20608253777,-0.91809630394,0.0,-0.750413537025
1463677685721373196,8.14999961853,19.0822067261,-2.2952849865,-0.0586646832526,-1.2674382925,0.0,-0.750413537025
1463677685754514795,8.18333339691,19.0651092529,-2.35435938835,-0.967286944389,-2.27702403069,0.0,-0.750413537025
1463677685790431432,8.21666622162,19.0499801636,-2.41395139694,0.0595580115914,-1.29849457741,0.0,-0.750413537025
1463677685821346849,8.25,19.0601711273,-2.44997787476,0.551931738853,-0.863095700741,0.0,-0.750413537025
1463677685891738263,8.28333377838,19.05991745,-2.49903988838,-0.567091107368,-2.08062744141,0.0,-0.750413537025
1463677685899361898,8.31666660309,19.0517520905,-2.55857610703,0.077080950141,-1.49154269695,0.0,-0.750413537025
1463677685921730013,8.35000038147,19.0642929077,-2.59924268723,0.675459861755,-0.948450684547,0.0,-0.750413537025
1463677685954784772,8.38333320618,19.0621776581,-2.65733861923,-0.802467763424,-2.53729748726,0.0,-0.750413537025
1463677685988100917,8.41666698456,19.0520191193,-2.72613215446,0.193043068051,-1.59032332897,0.0,-0.750413537025
1463677686020592112,8.44999980927,19.058057785,-2.78067994118,0.16920273006,-1.68254780769,0.0,-0.750413537025
1463677686054108641,8.48333358765,19.0675411224,-2.83400225639,0.399782896042,-1.51679003239,0.0,-0.750413537025
1463677686088313466,8.51666641235,19.077955246,-2.88877987862,0.225093752146,-1.76986205578,0.0,-0.750413537025
1463677686122476643,8.55000019073,19.084394455,-2.95015001297,0.161229714751,-1.91234862804,0.0,-0.750413537025
1463677686154921781,8.58333301544,19.0633983612,-3.0422976017,-1.42094838619,-3.61650085449,0.0,-0.750413537025
1463677686187441595,8.61666679382,19.0364761353,-3.14315605164,-0.194372087717,-2.43501234055,0.0,-0.750413537025
1463677686221473400,8.64999961853,19.0371227264,-3.21810150146,0.233133748174,-2.06170701981,0.0,-0.750413537025
1463677686295076908,8.68333339691,19.0475940704,-3.28512597084,0.39518854022,-1.95976018906,0.0,-0.750413537025
1463677686309834072,8.71666622162,19.0677528381,-3.34444236755,0.81429964304,-1.59922885895,0.0,-0.750413537025
1463677686320438033,8.75,19.122095108,-3.37109613419,2.44623780251,0.0,0.0,-0.750413537025
1463677686354354151,8.78333377838,19.2054672241,-3.37086653709,2.55607914925,0.0137794427574,0.0,-0.750413537025
1463677686387585483,8.81666660309,19.2910137177,-3.3722486496,2.57669520378,-0.0967018529773,0.0,-0.750413537025
1463677686421016836,8.85000038147,19.3814678192,-3.3731045723,2.85055065155,0.0453404188156,0.0,-0.750413537025
1463677686477489849,8.88333320618,19.4816150665,-3.36893796921,3.15830278397,0.204649865627,0.0,-0.750413537025
1463677686487349126,8.91666698456,19.58984375,-3.36263751984,3.3353741169,0.173379063606,0.0,-0.750413537025
1463677686521139158,8.94999980927,19.707025528,-3.35370802879,3.6956448555,0.362394481897,0.0,-0.750413537025
1463677686554889641,8.98333358765,19.8317756653,-3.34600710869,3.78926444054,0.0996610373259,0.0,-0.750413537025
1463677686587314448,9.01666641235,19.9629745483,-3.34210109711,4.08275508881,0.134700909257,0.0,-0.750413537025
1463677686621801692,9.05000019073,20.1040077209,-3.33753752708,4.37920665741,0.139118239284,0.0,-0.750413537025
1463677686689159839,9.08333301544,20.2553215027,-3.33210301399,4.69956541061,0.18694037199,0.0,-0.750413537025
1463677686692222126,9.11666679382,20.417388916,-3.32420635223,5.02457427979,0.286872297525,0.0,-0.750413537025
1463677686721250811,9.14999961853,20.5900859833,-3.31402206421,5.33716440201,0.324178218842,0.0,-0.750413537025
1463677686753939779,9.18333339691,20.7734413147,-3.30464792252,5.66418409348,0.238264963031,0.0,-0.750413537025
1463677686788476759,9.21666622162,20.9616088867,-3.28435111046,5.62588644028,0.979556262493,0.0,-0.750413537025
1463677686821317739,9.25,21.1557674408,-3.2558131218,6.0235953331,0.732712566853,0.0,-0.750413537025
1463677686889158131,9.28333377838,21.3577690125,-3.22838258743,6.09648418427,0.913116335869,0.0,-0.750413537025
1463677686895656602,9.31666660309,21.548166275,-3.18007802963,5.32737827301,1.98515975475,0.0,-0.750413537025
1463677686921474298,9.35000038147,21.7470169067,-3.13478088379,6.60361719131,0.732673227787,0.0,-0.750413537025
1463677686954455085,9.38333320618,21.963060379,-3.10570406914,6.35904741287,1.01193380356,0.0,-0.750413537025
1463677686987874884,9.41666698456,22.1444206238,-3.04177689552,4.52259206772,2.82370185852,0.0,-0.750413537025
1463677687021241195,9.44999980927,22.3141498566,-2.9685921669,5.66114234924,1.56737148762,0.0,-0.750413537025
1463677687054101318,9.48333358765,22.4933567047,-2.90849113464,5.09119987488,2.03869748116,0.0,-0.750413537025
1463677687090708877,9.51666641235,22.6689720154,-2.85140728951,5.4458065033,1.38633370399,0.0,-0.750413537025
1463677687122001389,9.55000019073,22.8526268005,-2.81358337402,5.57345914841,0.883102059364,0.0,-0.750413537025
1463677687154113508,9.58333301544,23.0229415894,-2.76526284218,4.64546251297,2.01612377167,0.0,-0.750413537025
1463677687187292482,9.61666679382,23.178276062,-2.7103126049,4.67459917068,1.2808971405,0.0,-0.750413537025
1463677687224597602,9.64999961853,23.330198288,-2.67224621773,4.4407453537,1.0030862093,0.0,-0.750413537025
1463677687254647961,9.68333339691,23.4703063965,-2.6232612133,3.96573376656,1.93601310253,0.0,-0.750413537025
1463677687294230915,9.71666622162,23.5964756012,-2.53943824768,3.60432720184,3.09335970879,0.0,-0.750413537025
1463677687321969936,9.75,23.7062416077,-2.48788237572,2.98164820671,0.0,0.0,-0.750413537025
1463677687353969512,9.78333377838,23.8155632019,-2.40833234787,3.57769870758,4.77299690247,0.0,-0.750413537025
1463677687387395429,9.81666660309,23.9196147919,-2.28141689301,2.66542673111,2.84192585945,0.0,-0.750413537025
1463677687421163900,9.85000038147,23.997833252,-2.20084810257,2.02759814262,1.99221217632,0.0,-0.750413537025
1463677687487862694,9.88333320618,24.08634758,-2.07745671272,3.28329181671,5.41126871109,0.0,-0.750413537025
1463677687492912818,9.91666698456,24.1718158722,-1.93230009079,1.844856143,3.2981274128,0.0,-0.750413537025
1463677687521640469,9.94999980927,24.2174892426,-1.84142172337,0.895474016666,2.15456962585,0.0,-0.750413537025
1463677687554282606,9.98333358765,24.2638111115,-1.7362126112,1.88385641575,4.1579823494,0.0,-0.750413537025
1463677687587323689,10.0166664124,24.3060874939,-1.62210834026,0.652724206448,2.68827056885,0.0,-0.750413537025
