%time,field.sys_time,field.q0,field.q1,field.dq0,field.dq1,field.sac0,field.u0
1463677490655556066,0.0,0.0,0.0,0.0,0.0,0.0,-0.00556794228032
1463677490690676206,0.0166666675359,3.13285064697,2.40682673454,-0.524519443512,0.526802837849,0.0,-0.00556794228032
1463677490721292240,0.0500000007451,3.121986866,2.41784691811,-0.127313748002,0.134403809905,0.0,-0.00556794228032
1463677490754547247,0.0833333358169,3.12324523926,2.41692137718,0.202815771103,-0.189933896065,0.0,-0.00556794228032
1463677490787910847,0.116666667163,3.12908983231,2.41158628464,0.14786028862,-0.130175024271,0.0,-0.00556794228032
1463677490820980723,0.15000000596,3.12514805794,2.41620731354,-0.384367078543,0.407444059849,0.0,-0.00556794228032
1463677490871164209,0.183333337307,3.11959886551,2.42262721062,0.0514214746654,-0.022249745205,0.0,-0.00556794228032
1463677490887241788,0.216666668653,3.11881923676,2.42450475693,-0.0982055291533,0.134894683957,0.0,-0.00556794228032
1463677490921213339,0.25,3.11804747581,2.42662334442,0.0519063621759,-0.00777360470966,0.0,-0.00556794228032
1463677490953880663,0.283333331347,3.12133455276,2.42492246628,0.145315155387,-0.0942852944136,0.0,-0.00556794228032
1463677490988096156,0.316666662693,3.12508296967,2.42297315598,0.0795936062932,-0.0226740911603,0.0,-0.00556794228032
1463677491020752866,0.34999999404,3.13178372383,2.41823196411,0.322451025248,-0.261789798737,0.0,-0.00556794228032
1463677491053919527,0.383333325386,3.13614368439,2.41593742371,-0.0608491413295,0.124106369913,0.0,-0.00556794228032
1463677491093604996,0.416666656733,3.1418056488,2.41238713264,0.400559544563,-0.33711591363,0.0,-0.00556794228032
1463677491121189437,0.449999988079,3.15487194061,2.40138816833,0.383415997028,-0.322817862034,0.0,-0.00556794228032
1463677491154363382,0.483333319426,3.16420269012,2.39397525787,0.176439136267,-0.121969819069,0.0,-0.00556794228032
1463677491187686147,0.516666650772,3.1653676033,2.39450383186,-0.106544844806,0.153697654605,0.0,-0.00556794228032
1463677491221239989,0.550000011921,3.16798591614,2.39331197739,0.263631552458,-0.22520904243,0.0,-0.00556794228032
1463677491280793150,0.583333313465,3.18113780022,2.38124465942,0.525488436222,-0.498833149672,0.0,-0.00556794228032
1463677491286816612,0.616666674614,3.19554114342,2.36746883392,0.338714212179,-0.327718019485,0.0,-0.00556794228032
1463677491320909724,0.649999976158,3.21512055397,2.3478717804,0.836042046547,-0.848113417625,0.0,-0.00556794228032
1463677491354302985,0.683333337307,3.25806808472,2.30390763283,1.74081802368,-1.78973472118,0.0,-0.00556794228032
1463677491388023418,0.716666638851,3.3059220314,2.25372052193,1.13041090965,-1.22148919106,0.0,-0.00556794228032
1463677491421232123,0.75,3.35807108879,2.19720029831,1.99854564667,-2.16971826553,0.0,-0.00556794228032
1463677491479234164,0.783333361149,3.43392968178,2.11387443542,2.55296969414,-2.82983112335,0.0,-0.00556794228032
1463677491487576116,0.816666662693,3.52140426636,2.01505970955,2.69549798965,-3.0990653038,25.3006668091,-0.00556794228032
1463677491520939672,0.850000023842,3.66011881828,1.85577130318,5.62737083435,-6.45822954178,25.3006668091,-0.00556794228032
1463677491555269956,0.883333325386,3.81061172485,1.68159663677,3.40220403671,-3.99225306511,25.3006668091,-0.00556794228032
1463677491587226711,0.916666686535,3.92487096786,1.54242920876,3.45336151123,-4.35779428482,25.3006668091,-0.00556794228032
1463677491622555152,0.949999988079,4.0416932106,1.38838338852,3.55596423149,-4.88495492935,25.3006668091,-0.00556794228032
1463677491678708410,0.983333349228,4.19400930405,1.15901768208,5.58299827576,-8.87698364258,0.0,-0.00556794228032
1463677491686458390,1.01666665077,4.35772562027,0.90466105938,4.23999547958,-6.38441705704,0.0,-0.00556794228032
1463677491724883848,1.04999995232,4.48562765121,0.720648825169,3.43410372734,-4.65631771088,0.0,-0.00556794228032
1463677491754642633,1.08333337307,4.61634254456,0.436853170395,4.40879678726,-12.3714208603,0.0,-0.00556794228032
1463677491788120927,1.11666667461,4.75490903854,0.14885301888,3.90518903732,-4.90858793259,0.0,-0.00556794228032
1463677491820996161,1.14999997616,4.88012981415,-0.00948883593082,3.60807275772,-4.59192371368,0.0,-0.00556794228032
1463677491888012669,1.1833332777,4.9734082222,-0.258248120546,1.98863661289,-10.3336334229,0.0,-0.00556794228032
1463677491891830462,1.21666669846,5.06973934174,-0.480809897184,3.79120922089,-3.02007246017,0.0,-0.00556794228032
1463677491920834824,1.25,5.20036888123,-0.558651804924,4.04657268524,-1.65044057369,0.0,-0.00556794228032
1463677491954216662,1.28333330154,5.31794691086,-0.63750731945,3.00811743736,-3.0808930397,0.0,-0.00556794228032
1463677491988122856,1.3166667223,5.4330663681,-0.708657503128,3.89903020859,-1.18811666965,0.0,-0.00556794228032
1463677492022030754,1.35000002384,5.56795072556,-0.735745072365,4.19403839111,-0.437137573957,0.0,-0.00556794228032
1463677492080036223,1.38333332539,5.70474529266,-0.749839782715,4.01365041733,-0.408543437719,0.0,-0.00556794228032
1463677492087236085,1.41666662693,5.84206819534,-0.756242990494,4.22572183609,0.0243509151042,0.0,-0.00556794228032
1463677492121593248,1.45000004768,5.98129940033,-0.754936873913,4.12813854218,0.0540147945285,0.0,-0.00556794228032
1463677492154207772,1.48333334923,6.11960697174,-0.751011192799,4.17032194138,0.18152692914,0.0,-0.00556794228032
1463677492187459578,1.51666665077,6.25851345062,-0.744436919689,4.16406488419,0.212929978967,0.0,-0.00556794228032
1463677492220501687,1.54999995232,6.39857244492,-0.736213207245,4.23946857452,0.28049248457,0.0,-0.00556794228032
1463677492292379457,1.58333337307,6.5378370285,-0.729844212532,4.11639976501,0.101647734642,0.0,-0.00556794228032
1463677492299070963,1.61666667461,6.67158794403,-0.731793284416,3.90867447853,-0.21859318018,0.0,-0.00556794228032
1463677492320500208,1.64999997616,6.80743741989,-0.735436499119,4.24228382111,0.0,0.0,-0.00556794228032
1463677492353922880,1.6833332777,6.93875312805,-0.751127421856,3.63665652275,-0.941456079483,0.0,-0.00556794228032
1463677492387342748,1.71666669846,7.06744194031,-0.777220249176,4.08468103409,-0.624112427235,0.0,-0.00556794228032
1463677492421444300,1.75,7.2058224678,-0.80068564415,4.21814918518,-0.783811271191,0.0,-0.00556794228032
1463677492481640965,1.78333330154,7.34720993042,-0.833490073681,4.26510763168,-1.18445646763,0.0,-0.00556794228032
1463677492488178661,1.8166667223,7.49995613098,-0.859328866005,4.89965963364,-0.365868866444,0.0,-0.00556794228032
1463677492521134771,1.85000002384,7.66807746887,-0.87260890007,5.18760204315,-0.430934876204,0.0,-0.00556794228032
1463677492554092936,1.88333332539,7.84615373611,-0.887947380543,5.49698972702,-0.489373207092,0.0,-0.00556794228032
1463677492587588018,1.91666662693,8.03417682648,-0.898814797401,5.78441953659,-0.162671327591,0.0,-0.00556794228032
1463677492621423805,1.95000004768,8.23184585571,-0.90353679657,6.07568597794,-0.120650574565,0.0,-0.00556794228032
1463677492681552835,1.98333334923,8.43898200989,-0.907522618771,6.35248279572,-0.118496641517,0.0,-0.00556794228032
1463677492686993964,2.01666665077,8.65343284607,-0.909460246563,6.51458406448,0.00223820586689,0.0,-0.00556794228032
1463677492720376117,2.04999995232,8.87361717224,-0.909248590469,6.69649362564,0.0104611637071,0.0,-0.00556794228032
1463677492754587974,2.08333325386,9.09898853302,-0.908949315548,6.82576465607,0.00749370688573,0.0,-0.00556794228032
1463677492787173737,2.1166665554,9.32765293121,-0.908897101879,6.89412069321,-0.00435902783647,0.0,-0.00556794228032
1463677492821773245,2.15000009537,9.55697250366,-0.90884488821,6.86505508423,0.00749325379729,0.0,-0.00556794228032
1463677492855233020,2.18333339691,9.78467273712,-0.908976078033,6.79690647125,-0.0153677677736,0.0,-0.00556794228032
1463677492887098252,2.21666669846,10.0081195831,-0.9089615345,6.60993909836,0.0162420347333,0.0,-0.00556794228032
1463677492920702427,2.25,10.2251052856,-0.908792972565,6.40918302536,-0.00612948508933,0.0,-0.00556794228032
1463677492955616572,2.28333330154,10.4341716766,-0.90877020359,6.1347899437,0.00749654555693,0.0,-0.00556794228032
1463677492987741834,2.31666660309,10.6337223053,-0.908689200878,5.83825778961,-0.00263457768597,0.0,-0.00556794228032
1463677493020872661,2.34999990463,10.8229160309,-0.908667504787,5.51336240768,0.00393600016832,0.0,-0.00556794228032
1463677493055126087,2.3833334446,11.0013151169,-0.910689890385,5.1905837059,-0.12528090179,0.0,-0.00556794228032
1463677493095981687,2.41666674614,11.1687088013,-0.915737271309,4.85305786133,-0.177562102675,0.0,-0.00556794228032
1463677493121763535,2.45000004768,11.3240861893,-0.925633251667,4.46959877014,-0.416194707155,0.0,-0.00556794228032
1463677493154348613,2.48333334923,11.4673471451,-0.94104385376,4.12602519989,-0.508443772793,0.0,-0.00556794228032
1463677493187670602,2.51666665077,11.601017952,-0.95622164011,3.89422225952,-0.402221947908,0.0,-0.00556794228032
1463677493221965697,2.54999995232,11.7289466858,-0.965626060963,3.78151369095,-0.162043616176,0.0,-0.00556794228032
1463677493254385850,2.58333325386,11.8527727127,-0.96867454052,3.64805746078,-0.0208655335009,0.0,-0.00556794228032
1463677493288695694,2.6166665554,11.9712438583,-0.969022274017,3.46021485329,0.0,0.0,-0.00556794228032
1463677493320728187,2.65000009537,12.0838088989,-0.968896150589,3.29370474815,0.00756890280172,0.0,-0.00556794228032
1463677493353845078,2.68333339691,12.1893634796,-0.970711767673,3.0395283699,-0.11650492996,0.0,-0.00556794228032
1463677493387200598,2.71666669846,12.2889623642,-0.974476933479,2.93640494347,-0.109406650066,0.0,-0.00556794228032
1463677493421374735,2.75,12.3861703873,-0.977464139462,2.89609742165,-0.0698252692819,0.0,-0.00556794228032
1463677493454639382,2.78333330154,12.4819097519,-0.979791343212,2.84827542305,-0.0698054134846,0.0,-0.00556794228032
1463677493513520501,2.81666660309,12.5830135345,-0.975687325001,3.21795964241,0.316044688225,0.0,-0.00556794228032
1463677493519735708,2.84999990463,12.6853046417,-0.970419943333,2.919495821,0.0,0.0,-0.00556794228032
1463677493553796537,2.8833334446,12.7910013199,-0.962780177593,3.42230319977,0.458384692669,0.0,-0.00556794228032
1463677493588516757,2.91666674614,12.8991546631,-0.955124616623,3.06689190865,0.000950531451963,0.0,-0.00556794228032
1463677493621716499,2.95000004768,12.9929208755,-0.966310441494,2.55906224251,-0.672099947929,0.0,-0.00556794228032
1463677493653832991,2.98333334923,13.059138298,-1.01277637482,1.41399908066,-2.11585831642,0.0,-0.00556794228032
1463677493687409571,3.01666665077,13.0947608948,-1.09958696365,0.723329305649,-3.09277319908,0.0,-0.00556794228032
1463677493721615225,3.04999995232,13.0938100815,-1.23512923717,-0.780327439308,-5.03976297379,0.0,-0.00556794228032
1463677493754649124,3.08333325386,13.1094503403,-1.35840797424,1.71870100498,-2.35696077347,0.0,-0.00556794228032
1463677493787956663,3.1166665554,13.1878089905,-1.41537714005,2.98286104202,-1.06118917465,0.0,-0.00556794228032
1463677493821271884,3.15000009537,13.2842550278,-1.45876967907,2.80388331413,-1.54236650467,0.0,-0.00556794228032
1463677493854468820,3.18333339691,13.3704681396,-1.5253380537,2.3688993454,-2.45173716545,0.0,-0.00556794228032
1463677493902730662,3.21666669846,13.4623384476,-1.5936653614,3.14332771301,-1.64789831638,0.0,-0.00556794228032
1463677493920489440,3.25,13.5874814987,-1.62113034725,4.3652677536,0.0,0.0,-0.00556794228032
1463677493953973034,3.28333330154,13.7277269363,-1.64281368256,4.04944801331,-1.30100226402,0.0,-0.00556794228032
1463677493987236115,3.31666660309,13.8716344833,-1.67450988293,4.5849814415,-0.60076880455,0.0,-0.00556794228032
1463677494020625717,3.34999990463,14.0308198929,-1.68843650818,4.966152668,-0.234833166003,0.0,-0.00556794228032
1463677494054311675,3.3833334446,14.2016220093,-1.69710445404,5.28200006485,-0.285241514444,0.0,-0.00556794228032
1463677494086774488,3.41666674614,14.3823566437,-1.70305371284,5.56202745438,-0.0717100128531,0.0,-0.00556794228032
1463677494120689448,3.45000004768,14.572312355,-1.70424878597,5.83531951904,0.0,0.0,-0.00556794228032
1463677494154503629,3.48333334923,14.7712860107,-1.7041823864,6.10309123993,0.00398430088535,0.0,-0.00556794228032
1463677494187455748,3.51666665077,14.9775953293,-1.70261967182,6.2754945755,0.0897833108902,0.0,-0.00556794228032
1463677494220592520,3.54999995232,15.1920318604,-1.70241630077,6.59067630768,-0.0775822401047,0.0,-0.00556794228032
1463677494254389101,3.58333325386,15.4143295288,-1.70571827888,6.74718475342,-0.120539806783,0.0,-0.00556794228032
1463677494306345927,3.6166665554,15.6384315491,-1.70812368393,6.6989364624,-0.0237807910889,0.0,-0.00556794228032
1463677494320666297,3.65000009537,15.8614253998,-1.70902514458,6.68072843552,-0.0303078163415,0.0,-0.00556794228032
1463677494355019430,3.68333339691,16.0828533173,-1.71038043499,6.60494375229,-0.051007822156,0.0,-0.00556794228032
1463677494387111722,3.71666669846,16.3000831604,-1.71181368828,6.42882299423,-0.0349885821342,0.0,-0.00556794228032
1463677494421718692,3.75,16.5106334686,-1.71286165714,6.20415258408,-0.0278929490596,0.0,-0.00556794228032
1463677494471497356,3.78333330154,16.7128868103,-1.71358990669,5.93114852905,-0.0158029310405,0.0,-0.00556794228032
1463677494487743277,3.81666660309,16.9052410126,-1.71332621574,5.61010932922,0.0316284149885,0.0,-0.00556794228032
1463677494520717164,3.84999990463,17.086856842,-1.71216166019,5.28675889969,0.0382423736155,0.0,-0.00556794228032
1463677494554626771,3.8833334446,17.2574138641,-1.70961284637,4.9466381073,0.114685840905,0.0,-0.00556794228032
1463677494587605979,3.91666674614,17.4167022705,-1.70657777786,4.61067771912,0.0674217492342,0.0,-0.00556794228032
1463677494621643481,3.95000004768,17.5652942657,-1.7027618885,4.30485534668,0.161526888609,0.0,-0.00556794228032
1463677494692547346,3.98333334923,17.7058811188,-1.69083547592,4.13036298752,0.554060399532,-30.5175895691,-0.00556794228032
1463677494698572658,4.01666688919,17.8424530029,-1.66442358494,4.06401872635,1.03065145016,-30.5175895691,-0.00556794228032
1463677494722326189,4.05000019073,17.9677524567,-1.63964402676,3.45387148857,0.456120759249,-30.5175895691,-0.00556794228032
1463677494754839169,4.08333349228,18.0830783844,-1.61814033985,3.46567320824,0.834102749825,-30.5175895691,-0.00556794228032
1463677494786584507,4.11666679382,18.1936416626,-1.59206843376,3.16817259789,0.730210006237,-30.5175895691,-0.00556794228032
1463677494821264564,4.15000009537,18.2849597931,-1.58119308949,2.31088924408,-0.0776892378926,-30.5175895691,-0.00556794228032
1463677494874989428,4.18333339691,18.3488388062,-1.59573817253,1.52187395096,-0.795016050339,-30.5175895691,-0.00556794228032
1463677494886745363,4.21666669846,18.3951950073,-1.62430286407,1.25945436954,-0.918864250183,0.0,-0.00556794228032
1463677494921914522,4.25,18.4411048889,-1.648047328,1.49518299103,-0.505798220634,0.0,-0.00556794228032
1463677494954062759,4.28333330154,18.4846439362,-1.66945147514,1.11720597744,-0.77845287323,0.0,-0.00556794228032
1463677494988088469,4.31666660309,18.5275669098,-1.68736600876,1.45814776421,-0.296422272921,0.0,-0.00556794228032
1463677495021164101,4.34999990463,18.5752334595,-1.69651377201,1.40184140205,-0.252443611622,0.0,-0.00556794228032
1463677495097095986,4.38333320618,18.6187591553,-1.7067939043,1.20971441269,-0.364362418652,0.0,-0.00556794228032
1463677495103939977,4.41666650772,18.648683548,-1.72836506367,0.58569920063,-0.929906368256,0.0,-0.00556794228032
1463677495120570370,4.44999980927,18.6823863983,-1.7438634634,1.43649744987,0.0,0.0,-0.00556794228032
1463677495154380734,4.48333311081,18.6939258575,-1.77971720695,-0.744171500206,-2.15122532845,0.0,-0.00556794228032
1463677495187551438,4.51666688919,18.6818370819,-1.83763766289,0.0189015921205,-1.32399630547,0.0,-0.00556794228032
1463677495221158761,4.55000019073,18.6811885834,-1.88214421272,-0.0577878877521,-1.34640312195,0.0,-0.00556794228032
1463677495278730656,4.58333349228,18.6536197662,-1.95206749439,-1.59644436836,-2.84899091721,0.0,-0.00556794228032
1463677495286691556,4.61666679382,18.6300315857,-2.01551628113,0.181224256754,-0.957932293415,0.0,-0.00556794228032
1463677495320284434,4.65000009537,18.6452732086,-2.03683257103,0.73322480917,-0.321049064398,0.0,-0.00556794228032
1463677495353885471,4.68333339691,18.6675109863,-2.04869556427,0.601060926914,-0.390727847815,0.0,-0.00556794228032
1463677495390760747,4.71666669846,18.6923027039,-2.05593252182,0.886499643326,-0.0434958077967,0.0,-0.00556794228032
1463677495421163258,4.75,18.7192745209,-2.05917882919,0.731732726097,-0.151283070445,0.0,-0.00556794228032
1463677495491112224,4.78333330154,18.7359676361,-2.07129740715,0.269933789968,-0.575821459293,0.0,-0.00556794228032
1463677495496904630,4.81666660309,18.7362232208,-2.09867286682,-0.254634559155,-1.0667065382,0.0,-0.00556794228032
1463677495522050948,4.84999990463,18.7177352905,-2.14365077019,-0.854704320431,-1.63196802139,0.0,-0.00556794228032
1463677495554304919,4.88333320618,18.6641101837,-2.22261333466,-2.36273360252,-3.10578417778,0.0,-0.00556794228032
1463677495588630958,4.91666650772,18.6053543091,-2.30449724197,-1.16259205341,-1.80725324154,0.0,-0.00556794228032
1463677495621702281,4.94999980927,18.565158844,-2.36479449272,-1.2491850853,-1.81058883667,0.0,-0.00556794228032
1463677495677572945,4.98333311081,18.5314807892,-2.41513156891,-0.771443367004,-1.2096310854,0.0,-0.00556794228032
1463677495687063791,5.01666688919,18.5068416595,-2.45246815681,-0.70696336031,-1.03056454659,0.0,-0.00556794228032
1463677495721803943,5.05000019073,18.4807109833,-2.48755598068,-0.860854029655,-1.07470738888,0.0,-0.00556794228032
1463677495753923797,5.08333349228,18.45079422,-2.52252531052,-0.934200525284,-1.02345049381,0.0,-0.00556794228032
1463677495787516286,5.11666679382,18.4283676147,-2.54476165771,-0.411326885223,-0.310733914375,0.0,-0.00556794228032
1463677495821065509,5.15000009537,18.4069194794,-2.56114220619,-0.875561833382,-0.672095179558,0.0,-0.00556794228032
1463677495880193709,5.18333339691,18.3669090271,-2.59294176102,-1.52509307861,-1.23587405682,0.0,-0.00556794228032
1463677495886492855,5.21666669846,18.3172931671,-2.62975740433,-1.45182335377,-0.973076701164,0.0,-0.00556794228032
1463677495921291091,5.25,18.2714691162,-2.65583133698,-1.29771065712,-0.591350078583,0.0,-0.00556794228032
1463677495953893006,5.28333330154,18.2255744934,-2.67505407333,-1.45595288277,-0.562010705471,0.0,-0.00556794228032
1463677495987627229,5.31666660309,18.1851043701,-2.67960524559,-0.972185134888,0.288941860199,0.0,-0.00556794228032
1463677496020564116,5.34999990463,18.1536388397,-2.66438651085,-0.915733754635,0.624181807041,0.0,-0.00556794228032
1463677496080332083,5.38333320618,18.1441555023,-2.6111562252,0.346700310707,2.56962752342,0.0,-0.00556794228032
1463677496086645121,5.41666650772,18.1412315369,-2.53982234001,-0.522161543369,1.71040546894,0.0,-0.00556794228032
1463677496121076892,5.44999980927,18.1336975098,-2.46498322487,0.070180259645,2.77993679047,0.0,-0.00556794228032
1463677496154220724,5.48333311081,18.1662712097,-2.32762145996,1.88417685032,5.46178197861,0.0,-0.00556794228032
1463677496187764117,5.51666688919,18.2001094818,-2.17771482468,0.146156311035,3.53261494637,0.0,-0.00556794228032
1463677496220336929,5.55000019073,18.2043743134,-2.05659937859,0.10970184952,3.73430609703,0.0,-0.00556794228032
1463677496280847761,5.58333349228,18.2101211548,-1.92542243004,0.235081940889,4.13630962372,0.0,-0.00556794228032
1463677496287887246,5.61666679382,18.2174129486,-1.78419184685,0.202492445707,4.33752250671,0.0,-0.00556794228032
1463677496322038066,5.65000009537,18.2225627899,-1.63761520386,0.106456056237,4.45707798004,0.0,-0.00556794228032
1463677496354554527,5.68333339691,18.2629394531,-1.43980789185,2.31614995003,7.41135787964,0.0,-0.00556794228032
1463677496387344384,5.71666669846,18.2879085541,-1.25043487549,-0.81799864769,3.95102572441,0.0,-0.00556794228032
1463677496421973382,5.75,18.2524490356,-1.12499392033,-1.30955922604,3.57543468475,0.0,-0.00556794228032
1463677496454912394,5.78333330154,18.218006134,-0.990668296814,-0.757059395313,4.48410224915,0.0,-0.00556794228032
1463677496510179090,5.81666660309,18.1777935028,-0.855870068073,-1.65569102764,3.60378813744,0.0,-0.00556794228032
1463677496520754959,5.84999990463,18.1243553162,-0.72893255949,-1.55062425137,4.01246500015,0.0,-0.00556794228032
1463677496554227918,5.88333320618,18.0666389465,-0.598409116268,-1.91227602959,3.81894135475,0.0,-0.00556794228032
1463677496587496484,5.91666650772,17.9961738586,-0.475219547749,-2.31563687325,3.57243132591,0.0,-0.00556794228032
1463677496620476460,5.94999980927,17.9094047546,-0.36476123333,-2.89049530029,3.05506753922,0.0,-0.00556794228032
1463677496677253719,5.98333311081,17.8041477203,-0.271010130644,-3.42499232292,2.56999921799,0.0,-0.00556794228032
1463677496686881556,6.01666688919,17.6742954254,-0.209537371993,-4.36609363556,1.11836636066,0.0,-0.00556794228032
1463677496721450638,6.05000019073,17.5199813843,-0.184053957462,-4.89277982712,0.410638481379,0.0,-0.00556794228032
1463677496754469662,6.08333349228,17.3505687714,-0.177268832922,-5.27198123932,-0.00353104923852,0.0,-0.00556794228032
1463677496787845855,6.11666679382,17.1695671082,-0.177586317062,-5.58807420731,-0.0155181940645,0.0,-0.00556794228032
1463677496821998616,6.15000009537,16.9780788422,-0.177743941545,-5.90128326416,0.00606071716174,0.0,-0.00556794228032
1463677496889142340,6.18333339691,16.7766418457,-0.177777796984,-6.18493032455,-0.00809160154313,0.0,-0.00556794228032
1463677496893023867,6.21666669846,16.5659046173,-0.177520826459,-6.45925712585,0.0235098358244,0.0,-0.00556794228032
1463677496920272471,6.25,16.3464221954,-0.175821021199,-6.70969963074,0.0784778669477,0.0,-0.00556794228032
1463677496954416565,6.28333330154,16.1201858521,-0.173143446445,-6.86448097229,0.0821767747402,0.0,-0.00556794228032
1463677496987944449,6.31666660309,15.8911838531,-0.171662971377,-6.87565851212,0.00665217079222,0.0,-0.00556794228032
1463677497021067449,6.34999990463,15.6642770767,-0.173903658986,-6.73874473572,-0.141094282269,0.0,-0.00556794228032
1463677497075531345,6.38333320618,15.4408082962,-0.178740561008,-6.66938924789,-0.149118974805,0.0,-0.00556794228032
1463677497087184799,6.41666650772,15.2219285965,-0.185062929988,-6.46338701248,-0.23022326827,0.0,-0.00556794228032
1463677497120658711,6.44999980927,15.0080451965,-0.190769001842,-6.36960935593,-0.112140998244,0.0,-0.00556794228032
1463677497154102958,6.48333311081,14.7984781265,-0.192604750395,-6.20441293716,0.0019956191536,0.0,-0.00556794228032
1463677497187511898,6.51666688919,14.5964174271,-0.192529290915,-5.91923999786,0.00253248447552,0.0,-0.00556794228032
1463677497220395634,6.55000019073,14.4042682648,-0.192252263427,-5.60971975327,0.0140884369612,0.0,-0.00556794228032
1463677497254289034,6.58333349228,14.2227935791,-0.191934734583,-5.27873039246,0.00496379937977,0.0,-0.00556794228032
1463677497288035689,6.61666679382,14.05240345,-0.19191147387,-4.94469499588,-0.00356831890531,6.16087675095,-0.00556794228032
1463677497323806497,6.65000009537,13.8931045532,-0.191810876131,-4.61323928833,0.00960413273424,6.16087675095,-0.00556794228032
1463677497355479527,6.68333339691,13.7446136475,-0.191483482718,-4.29622173309,0.0100391739979,6.16087675095,-0.00556794228032
1463677497387215262,6.71666669846,13.6063995361,-0.191115394235,-3.99659061432,0.0120466398075,6.16087675095,-0.00556794228032
1463677497421907566,6.75,13.4778203964,-0.190656140447,-3.71820783615,0.0155088482425,6.16087675095,-0.00556794228032
1463677497491653738,6.78333330154,13.3577060699,-0.190687313676,-3.48862576485,-0.0173801165074,6.16087675095,-0.00556794228032
1463677497495194894,6.81666660309,13.2450218201,-0.191450417042,-3.27244305611,-0.0284055862576,0.0,-0.00556794228032
1463677497520544758,6.84999990463,13.1394166946,-0.192147403955,-3.06386756897,-0.0134138260037,0.0,-0.00556794228032
1463677497553955509,6.88333320618,13.038599968,-0.194308802485,-2.98514294624,-0.116269625723,0.0,-0.00556794228032
1463677497588404429,6.91666650772,12.943441391,-0.195963189006,-2.72432732582,0.0170060675591,0.0,-0.00556794228032
1463677497620910436,6.94999980927,12.8548307419,-0.195027247071,-2.59233856201,0.0391501262784,0.0,-0.00556794228032
1463677497654933447,6.98333311081,12.7701559067,-0.193371683359,-2.48817110062,0.0601841472089,0.0,-0.00556794228032
1463677497692604202,7.01666688919,12.6881933212,-0.191338345408,-2.42955446243,0.0618161335588,0.0,-0.00556794228032
1463677497720694994,7.05000019073,12.6073207855,-0.189676165581,-2.42279624939,0.037914622575,0.0,-0.00556794228032
1463677497753944246,7.08333349228,12.5336112976,-0.181443929672,-1.99979770184,0.456019550562,0.0,-0.00556794228032
1463677497787320223,7.11666679382,12.4662427902,-0.166647791862,-2.04231476784,0.43174842,0.0,-0.00556794228032
1463677497820577868,7.15000009537,12.4005432129,-0.149182245135,-1.89964604378,0.616184353828,0.0,-0.00556794228032
1463677497882280141,7.18333339691,12.3420858383,-0.122651048005,-1.60776531696,0.975687682629,0.0,-0.00556794228032
1463677497888072532,7.21666669846,12.2914562225,-0.0857220962644,-1.43005847931,1.24004971981,0.0,-0.00556794228032
1463677497921644587,7.25,12.2426528931,-0.043936830014,-1.49809741974,1.2670661211,0.0,-0.00556794228032
1463677497954450974,7.28333330154,12.1994943619,0.00744192441925,-1.09144639969,1.81565916538,0.0,-0.00556794228032
1463677497987981944,7.31666660309,12.1488800049,0.0547914765775,-1.94540131092,1.02531397343,0.0,-0.00556794228032
1463677498020355314,7.34999990463,12.0832138062,0.0906282886863,-1.99459528923,1.12489449978,0.0,-0.00556794228032
1463677498054368284,7.38333320618,12.0226249695,0.137932002544,-1.64069795609,1.71332812309,0.0,-0.00556794228032
1463677498103260408,7.41666650772,11.9699144363,0.200840473175,-1.52192890644,2.06118011475,0.0,-0.00556794228032
1463677498120400212,7.44999980927,11.8881053925,0.23519346118,-3.38662314415,0.0,0.0,-0.00556794228032
1463677498154363374,7.48333311081,11.801068306,0.274792551994,-1.83559298515,2.37594556808,0.0,-0.00556794228032
1463677498187675897,7.51666688919,11.7279205322,0.342381566763,-2.55328321457,1.67939412594,0.0,-0.00556794228032
1463677498221286225,7.55000019073,11.639330864,0.399377852678,-2.76209330559,1.74038362503,0.0,-0.00556794228032
1463677498277657801,7.58333349228,11.5362997055,0.445773601532,-3.41978406906,1.04336130619,0.0,-0.00556794228032
1463677498287581979,7.61666679382,11.4259672165,0.498563319445,-3.20015192032,2.12402200699,0.0,-0.00556794228032
1463677498319954347,7.65000009537,11.3059568405,0.546635687351,-4.00051689148,0.760318934917,0.0,-0.00556794228032
1463677498353271031,7.68333339691,11.1689119339,0.578058719635,-4.22213935852,1.12506556511,0.0,-0.00556794228032
1463677498387768656,7.71666669846,11.0210933685,0.59810090065,-4.64697504044,0.0774628594518,0.0,-0.00556794228032
1463677498422415152,7.75,10.8609743118,0.599403083324,-4.96018981934,0.00067024823511,0.0,-0.00556794228032
1463677498485533018,7.78333330154,10.6904468536,0.599583804607,-5.27143144608,0.0101713268086,0.0,-0.00556794228032
1463677498489301564,7.81666660309,10.5099868774,0.599639594555,-5.55618476868,-0.00682336371392,11.6423177719,-0.00556794228032
1463677498521443824,7.84999990463,10.3205022812,0.599234998226,-5.81289052963,-0.0174528211355,11.6423177719,-0.00556794228032
1463677498554525467,7.88333320618,10.1225423813,0.599348723888,-6.06472349167,0.0242761857808,11.6423177719,-0.00556794228032
1463677498587781757,7.91666650772,9.91820907593,0.599323511124,-6.19526004791,-0.0257881097496,11.6423177719,-0.00556794228032
1463677498621299537,7.94999980927,9.70927143097,0.599054574966,-6.34097528458,0.00965297967196,11.6423177719,-0.00556794228032
1463677498653967106,7.98333311081,9.49740409851,0.599089801311,-6.37109804153,-0.0075392271392,11.6423177719,-0.00556794228032
1463677498687221979,8.01666641235,9.28519630432,0.599032819271,-6.36132860184,0.00411838339642,0.0,-0.00556794228032
1463677498721130144,8.05000019073,9.07492160797,0.598880410194,-6.25516223907,-0.013263983652,0.0,-0.00556794228032
1463677498753627153,8.08333301544,8.86866664886,0.598761498928,-6.12013435364,0.00613104412332,0.0,-0.00556794228032
1463677498786880911,8.11666679382,8.66796875,0.599177360535,-5.92177581787,0.0188197381794,0.0,-0.00556794228032
1463677498821009355,8.14999961853,8.47506046295,0.599439322948,-5.65267896652,-0.00310101942159,0.0,-0.00556794228032
1463677498884099969,8.18333339691,8.29169750214,0.598887681961,-5.34914159775,-0.0299970023334,0.0,-0.00556794228032
1463677498894068683,8.21666622162,8.11811828613,0.599384903908,-5.06557226181,0.0598282068968,0.0,-0.00556794228032
1463677498920567143,8.25,7.95477294922,0.601194500923,-4.73516941071,0.0487494468689,0.0,-0.00556794228032
1463677498954767321,8.28333377838,7.80250501633,0.602084577084,-4.40090513229,0.00465465011075,0.0,-0.00556794228032
1463677498987091271,8.31666660309,7.66129350662,0.602050304413,-4.07177972794,-0.00671098614112,0.0,-0.00556794228032
1463677499022483770,8.35000038147,7.53062582016,0.600645899773,-3.76829099655,-0.0775540545583,0.0,-0.00556794228032
1463677499086941172,8.38333320618,7.4081697464,0.592792868614,-3.57906150818,-0.39362680912,0.0,-0.00556794228032
1463677499091127812,8.41666698456,7.29439353943,0.581047534943,-3.24752449989,-0.311094433069,0.0,-0.00556794228032
1463677499122288067,8.44999980927,7.18973493576,0.5690356493,-3.03197908401,-0.409617364407,0.0,-0.00556794228032
1463677499154629013,8.48333358765,7.09387540817,0.556920051575,-2.71960639954,-0.317320466042,0.0,-0.00556794228032
1463677499187804536,8.51666641235,7.01058006287,0.551202714443,-2.27809739113,-0.025717837736,0.0,-0.00556794228032
1463677499221708626,8.55000019073,6.93759250641,0.549594342709,-2.10115361214,-0.0707846656442,0.0,-0.00556794228032
1463677499279411928,8.58333301544,6.87117004395,0.547717273235,-1.8842164278,-0.0418404303491,0.0,-0.00556794228032
1463677499287598952,8.61666679382,6.81833362579,0.554604828358,-1.28596413136,0.455095201731,0.0,-0.00556794228032
1463677499320521124,8.64999961853,6.7829246521,0.575215399265,-0.838555455208,0.781536817551,0.0,-0.00556794228032
1463677499353992912,8.68333339691,6.76515293121,0.609867334366,-0.227752357721,1.29758107662,0.0,-0.00556794228032
1463677499387719624,8.71666622162,6.76597166061,0.659754037857,0.276878237724,1.69561958313,0.0,-0.00556794228032
1463677499423086892,8.75,6.79000091553,0.730125308037,1.16487121582,2.52665710449,0.0,-0.00556794228032
1463677499480492342,8.78333377838,6.81867074966,0.799485325813,0.555310368538,1.6349439621,0.0,-0.00556794228032
1463677499490700067,8.81666660309,6.88500356674,0.906455218792,3.42466521263,4.78325080872,0.0,-0.00556794228032
1463677499520978704,8.85000038147,6.97683572769,1.03368711472,2.08524870872,2.85066080093,0.0,-0.00556794228032
1463677499554540650,8.88333320618,7.04331254959,1.11987709999,1.90336298943,2.32074308395,0.0,-0.00556794228032
1463677499587372844,8.91666698456,7.11042022705,1.1970012188,2.12311005592,2.30669879913,0.0,-0.00556794228032
1463677499620775668,8.94999980927,7.18183135986,1.26861071587,2.16156339645,1.98987531662,0.0,-0.00556794228032
1463677499707315538,8.98333358765,7.23960065842,1.30364334583,1.30458569527,0.112081050873,0.0,-0.00556794228032
1463677499711964046,9.01666641235,7.26955938339,1.275131464,0.492952525616,-1.82279551029,0.0,-0.00556794228032
1463677499721655488,9.05000019073,7.30709552765,1.24475157261,1.75921547413,0.0,0.0,-0.00556794228032
1463677499754387373,9.08333301544,7.34696912766,1.19733929634,0.633190989494,-2.84473133087,0.0,-0.00556794228032
1463677499789006278,9.11666679382,7.37100505829,1.09864652157,0.808962762356,-3.07683634758,0.0,-0.00556794228032
1463677499821878232,9.14999961853,7.39839935303,0.98634326458,0.834705471992,-3.66136169434,0.0,-0.00556794228032
1463677499854628486,9.18333339691,7.44253063202,0.891007900238,1.81316506863,-2.05875730515,0.0,-0.00556794228032
1463677499888830018,9.21666622162,7.50544595718,0.815593421459,1.9617600441,-2.46611475945,0.0,-0.00556794228032
1463677499921648102,9.25,7.57788848877,0.739616215229,2.38477301598,-2.0925154686,0.0,-0.00556794228032
1463677499955925213,9.28333377838,7.66977739334,0.700516283512,3.12857604027,-0.253481835127,0.0,-0.00556794228032
1463677499987638300,9.31666660309,7.77993488312,0.696402192116,3.48087072372,0.00663853390142,0.0,-0.00556794228032
1463677500021569871,9.35000038147,7.901304245,0.697026133537,3.80128931999,0.0307984221727,0.0,-0.00556794228032
1463677500055138904,9.38333320618,8.03336334229,0.697507143021,4.12223339081,-0.00193780695554,0.0,-0.00556794228032
1463677500087394668,9.41666698456,8.17616081238,0.696436583996,4.44565868378,-0.0622990727425,-12.5004386902,-0.00556794228032
1463677500124292283,9.44999980927,8.32939910889,0.693914055824,4.74858856201,-0.089050129056,-12.5004386902,-0.00556794228032
1463677500156157761,9.48333358765,8.49184799194,0.691533446312,4.99838113785,-0.0537873767316,-12.5004386902,-0.00556794228032
1463677500187746261,9.51666641235,8.662068367,0.69022333622,5.21482467651,-0.0248207170516,-12.5004386902,-0.00556794228032
1463677500220682832,9.55000019073,8.83883571625,0.68977868557,5.39123106003,-0.0018563788617,-12.5004386902,-0.00556794228032
1463677500303648292,9.58333301544,9.0214548111,0.689162790775,5.56590270996,-0.0350980572402,-12.5004386902,-0.00556794228032
1463677500304067084,9.61666679382,9.20798397064,0.688515782356,5.62586402893,-0.00372077478096,0.0,-0.00556794228032
1463677500319887904,9.64999961853,9.39595890045,0.688453793526,5.65261411667,0.0,0.0,-0.00556794228032
1463677500354192157,9.68333339691,9.58444690704,0.687875449657,5.65668153763,-0.034700024873,0.0,-0.00556794228032
1463677500388878786,9.71666622162,9.77184486389,0.686351180077,5.58719348907,-0.0567574575543,0.0,-0.00556794228032
1463677500421364480,9.75,9.95575237274,0.684320271015,5.44725942612,-0.0650952979922,0.0,-0.00556794228032
1463677500453866444,9.78333377838,10.1352062225,0.680700242519,5.31993865967,-0.152107998729,0.0,-0.00556794228032
1463677500486637828,9.81666660309,10.3079500198,0.676434755325,5.0446844101,-0.103822246194,0.0,-0.00556794228032
1463677500520888806,9.85000038147,10.4731206894,0.670130968094,4.86560297012,-0.274402648211,0.0,-0.00556794228032
1463677500554480461,9.88333320618,10.6332616806,0.653988242149,4.74282407761,-0.694159805775,0.0,-0.00556794228032
1463677500587488786,9.91666698456,10.7847242355,0.635465741158,4.34494781494,-0.417193502188,0.0,-0.00556794228032
1463677500623190923,9.94999980927,10.9238700867,0.622934937477,4.00379276276,-0.334652662277,0.0,-0.00556794228032
1463677500676679974,9.98333358765,11.0518293381,0.603358983994,3.67376852036,-0.83990585804,8.35371303558,-0.00556794228032
1463677500687705446,10.0166664124,11.1699647903,0.585379898548,3.41433119774,-0.238837242126,8.35371303558,-0.00556794228032
