%time,field.sys_time,field.q0,field.q1,field.dq0,field.dq1,field.sac0,field.u0
1463677782075350257,0.0,0.0,0.0,0.0,0.0,0.0,0.0300051327795
1463677782088355000,0.0166666675359,3.14057183266,1.45286679268,-0.0612464658916,0.0615154094994,0.0,0.0300051327795
1463677782120629544,0.0500000007451,3.13893866539,1.4545198679,-0.0367432199419,0.0376741886139,0.0,0.0300051327795
1463677782155130138,0.0833333358169,3.13841414452,1.45509123802,0.00527060125023,-0.00339502864517,0.0,0.0300051327795
1463677782187288277,0.116666667163,3.13892292976,1.45466017723,0.0252577029169,-0.0224681440741,0.0,0.0300051327795
1463677782221224288,0.15000000596,3.13966274261,1.45402538776,0.0191319789737,-0.0156222693622,0.0,0.0300051327795
1463677782285560262,0.183333337307,3.14156460762,1.45224320889,0.0949757695198,-0.0913042202592,0.0,0.0300051327795
1463677782291046592,0.216666668653,3.14082884789,1.45310735703,-0.139119073749,0.143151730299,0.0,0.0300051327795
1463677782321358608,0.25,3.1378235817,1.45626068115,-0.0412055104971,0.0460478961468,0.0,0.0300051327795
1463677782354910404,0.283333331347,3.13430404663,1.45997655392,-0.1699667871,0.176901012659,0.0,0.0300051327795
1463677782387476908,0.316666662693,3.12868952751,1.46588170528,-0.166897937655,0.177411675453,0.0,0.0300051327795
1463677782421132476,0.34999999404,3.12102556229,1.47399568558,-0.292938500643,0.309425801039,0.0,0.0300051327795
1463677782454781008,0.383333325386,3.10984182358,1.48588252068,-0.378085881472,0.403782397509,0.0,0.0300051327795
1463677782498049327,0.416666656733,3.0966489315,1.50015294552,-0.413489669561,0.452444076538,0.0,0.0300051327795
1463677782521248014,0.449999988079,3.0808570385,1.51754891872,-0.534028589725,0.5913169384,0.0,0.0300051327795
1463677782554066039,0.483333319426,3.05829739571,1.54244446754,-0.819540977478,0.902415812016,0.0,0.0300051327795
1463677782587417963,0.516666650772,3.03544664383,1.56857073307,-0.551501333714,0.66516238451,0.0,0.0300051327795
1463677782621707293,0.550000011921,3.02090668678,1.58750402927,-0.320899873972,0.470832407475,0.0,0.0300051327795
1463677782683173195,0.583333313465,3.00811052322,1.60602343082,-0.44687923789,0.640334010124,0.0,0.0300051327795
1463677782686558128,0.616666674614,3.00239300728,1.6188429594,0.103836677969,0.128836616874,0.0,0.0300051327795
1463677782724915013,0.649999976158,3.01268792152,1.61695981026,0.513860940933,-0.241828635335,0.0,0.0300051327795
1463677782754818522,0.683333337307,3.0270011425,1.61239171028,0.344929456711,-0.0322523228824,0.0,0.0300051327795
1463677782788124591,0.716666638851,3.03815031052,1.61225473881,0.324019372463,0.0240273065865,0.0,0.0300051327795
1463677782822334229,0.75,3.04926562309,1.61326491833,0.342906057835,0.0365858823061,0.0,0.0300051327795
1463677782881863536,0.783333361149,3.05952429771,1.61612939835,0.272600710392,0.135283187032,0.0,0.0300051327795
1463677782886883165,0.816666662693,3.07358121872,1.61604750156,0.570826590061,-0.14019934833,0.0,0.0300051327795
1463677782921104723,0.850000023842,3.09344983101,1.6108314991,0.621278226376,-0.172759577632,0.0,0.0300051327795
1463677782954441605,0.883333325386,3.11759281158,1.60181057453,0.827310740948,-0.368493020535,0.0,0.0300051327795
1463677782987751069,0.916666686535,3.13817548752,1.59658503532,0.407649695873,0.0549566633999,0.0,0.0300051327795
1463677783021648014,0.949999988079,3.15248012543,1.5976678133,0.450620114803,0.010014587082,0.0,0.0300051327795
1463677783055610847,0.983333349228,3.16523480415,1.60016512871,0.314659237862,0.139826223254,0.0,0.0300051327795
1463677783097347807,1.01666665077,3.17503404617,1.60535240173,0.273303061724,0.171408429742,0.0,0.0300051327795
1463677783121001565,1.04999995232,3.18078970909,1.61422288418,0.0720335841179,0.360822379589,0.0,0.0300051327795
1463677783154403988,1.08333337307,3.18415284157,1.62506115437,0.129750624299,0.289466887712,0.0,0.0300051327795
1463677783187895499,1.11666667461,3.18682718277,1.63612210751,0.030711369589,0.374190509319,0.0,0.0300051327795
1463677783221650868,1.14999997616,3.18713831902,1.64906096458,-0.0120336962864,0.402147471905,0.0,0.0300051327795
1463677783255635495,1.1833332777,3.17839741707,1.67060351372,-0.512426197529,0.890403091908,0.0,0.0300051327795
1463677783287456469,1.21666669846,3.17741799355,1.68396568298,0.453664392233,-0.0886721014977,0.0,0.0300051327795
1463677783321095512,1.25,3.19068932533,1.68262135983,0.342615991831,0.00801330991089,0.0,0.0300051327795
1463677783355520137,1.28333330154,3.20676779747,1.6778948307,0.6220921278,-0.291606456041,0.0,0.0300051327795
1463677783387798884,1.3166667223,3.22370481491,1.67157149315,0.394132524729,-0.0877950936556,0.0,0.0300051327795
1463677783421917572,1.35000002384,3.23476147652,1.6702477932,0.269267201424,0.00837602466345,0.0,0.0300051327795
1463677783486952489,1.38333332539,3.243445158,1.67028021812,0.251748353243,-0.00643032416701,0.0,0.0300051327795
1463677783493930123,1.41666662693,3.25015711784,1.67117524147,0.150973200798,0.0601273104548,0.0,0.0300051327795
1463677783521205429,1.45000004768,3.25220870972,1.6755797863,-0.0278761927038,0.20414660871,0.0,0.0300051327795
1463677783554646237,1.48333334923,3.23963737488,1.69354617596,-0.726415634155,0.873838245869,0.0,0.0300051327795
1463677783587392540,1.51666665077,3.21272730827,1.72494208813,-0.888182759285,1.00991594791,0.0,0.0300051327795
1463677783621161725,1.54999995232,3.17725396156,1.76422286034,-1.24022066593,1.34692835808,0.0,0.0300051327795
1463677783680603695,1.58333337307,3.14487242699,1.80007743835,-0.702663958073,0.804348528385,0.0,0.0300051327795
1463677783688035441,1.61666667461,3.12767577171,1.8207025528,-0.32914686203,0.433154582977,0.0,0.0300051327795
1463677783720844982,1.64999997616,3.10734796524,1.84465312958,-0.890511929989,1.00388050079,0.0,0.0300051327795
1463677783753990951,1.6833332777,3.0853843689,1.87064647675,-0.427301555872,0.555721998215,0.0,0.0300051327795
1463677783788694487,1.71666669846,3.07081961632,1.88985145092,-0.446585267782,0.596576392651,0.0,0.0300051327795
1463677783821819032,1.75,3.05795431137,1.90814113617,-0.325332760811,0.500803112984,0.0,0.0300051327795
1463677783892117211,1.78333330154,3.05176520348,1.92063617706,-0.0460201241076,0.248902052641,0.0,0.0300051327795
1463677783897168287,1.8166667223,3.05279517174,1.92684352398,0.107815466821,0.123538918793,0.0,0.0300051327795
1463677783920824675,1.85000002384,3.05740880966,1.93040561676,0.16900755465,0.0901859849691,0.0,0.0300051327795
1463677783956882267,1.88333332539,3.05981874466,1.93710005283,-0.0244126040488,0.31148225069,0.0,0.0300051327795
1463677783987448348,1.91666662693,3.06082105637,1.94610226154,0.0845492631197,0.228646665812,0.0,0.0300051327795
1463677784021655992,1.95000004768,3.05645680428,1.96139156818,-0.346406579018,0.688711464405,0.0,0.0300051327795
1463677784053978562,1.98333334923,3.03151726723,1.99835753441,-1.14995884895,1.52924716473,0.0,0.0300051327795
1463677784087681291,2.01666665077,3.00536322594,2.03774333,-0.419284343719,0.833896756172,0.0,0.0300051327795
1463677784121687408,2.04999995232,3.00063610077,2.0569524765,0.135651618242,0.318653792143,0.0,0.0300051327795
1463677784154284013,2.08333325386,3.00252819061,2.07099795341,-0.0221256893128,0.524075388908,0.0,0.0300051327795
1463677784190071709,2.1166665554,3.00860953331,2.08231663704,0.387009263039,0.155053392053,0.0,0.0300051327795
1463677784221751417,2.15000009537,3.02104926109,2.08863401413,0.359376192093,0.223977595568,0.0,0.0300051327795
1463677784290111126,2.18333339691,3.04031467438,2.08935070038,0.796546638012,-0.180962815881,0.0,0.0300051327795
1463677784300184819,2.21666669846,3.06498765945,2.08567118645,0.683840155602,-0.0398198515177,0.0,0.0300051327795
1463677784322513592,2.25,3.09006333351,2.08238506317,0.820698022842,-0.157349273562,0.0,0.0300051327795
1463677784353831989,2.28333330154,3.12859153748,2.06609892845,1.49098300934,-0.819808483124,0.0,0.0300051327795
1463677784387635659,2.31666660309,3.19624495506,2.02065658569,2.56823539734,-1.90673100948,0.0,0.0300051327795
1463677784421322761,2.34999990463,3.26949810982,1.96894288063,1.82695174217,-1.19609880447,0.0,0.0300051327795
1463677784475337290,2.3833334446,3.38579201698,1.87208247185,5.15068054199,-4.61552190781,0.0,0.0300051327795
1463677784487423249,2.41666674614,3.54753684998,1.72668111324,4.55400848389,-4.10856199265,20.5302734375,0.0300051327795
1463677784521342358,2.45000004768,3.68306255341,1.60507357121,3.57753252983,-3.1878900528,20.5302734375,0.0300051327795
1463677784555312399,2.48333334923,3.83092212677,1.46038329601,5.29404401779,-5.49352741241,20.5302734375,0.0300051327795
1463677784589180055,2.51666665077,4.04451036453,1.22014009953,7.52125549316,-8.92106246948,20.5302734375,0.0300051327795
1463677784621945652,2.54999995232,4.24176502228,1.01603007317,4.31402873993,-3.32553768158,20.5302734375,0.0300051327795
1463677784688354053,2.58333325386,4.40709257126,0.836682915688,5.60559892654,-7.43529224396,20.5302734375,0.0300051327795
1463677784691912331,2.6166665554,4.57447433472,0.655077338219,4.43732643127,-3.46104311943,14.0592975616,0.0300051327795
1463677784720835105,2.65000009537,4.71622467041,0.549217522144,4.06769180298,-2.89054536819,14.0592975616,0.0300051327795
1463677784754599380,2.68333339691,4.8471493721,0.465033739805,3.78779959679,-2.16048240662,14.0592975616,0.0300051327795
1463677784787156403,2.71666669846,4.9691157341,0.398822724819,3.53016519547,-1.81217885017,14.0592975616,0.0300051327795
1463677784820604933,2.75,5.07955360413,0.332078874111,3.09609723091,-2.19245290756,14.0592975616,0.0300051327795
1463677784854059834,2.78333330154,5.18253803253,0.27088958025,3.08298873901,-1.47890424728,14.0592975616,0.0300051327795
1463677784902388142,2.81666660309,5.27994585037,0.220477297902,2.76147079468,-1.54583287239,0.0,0.0300051327795
1463677784922059362,2.84999990463,5.38231706619,0.194713413715,3.38079833984,0.0,0.0,0.0300051327795
1463677784954055178,2.8833334446,5.4822678566,0.181810557842,2.61626076698,-0.774170994759,0.0,0.0300051327795
1463677784988237943,2.91666674614,5.57397079468,0.167424321175,2.88592481613,-0.089003495872,0.0,0.0300051327795
1463677785020676569,2.95000004768,5.6677570343,0.165738746524,2.74123358727,-0.0121312793344,0.0,0.0300051327795
1463677785054412845,2.98333334923,5.75635814667,0.165620714426,2.57482671738,0.00504917139187,0.0,0.0300051327795
1463677785097697814,3.01666665077,5.83312797546,0.158511400223,2.03136348724,-0.431607276201,0.0,0.0300051327795
1463677785121695357,3.04999995232,5.90516805649,0.151317954063,2.29106092453,0.0,0.0,0.0300051327795
1463677785153821024,3.08333325386,5.95519351959,0.125397339463,0.710465490818,-1.55523693562,0.0,0.0300051327795
1463677785188653402,3.1166665554,5.98849248886,0.0854695290327,1.28745913506,-0.840431630611,0.0,0.0300051327795
1463677785221514946,3.15000009537,6.02152442932,0.0487636700273,0.694473624229,-1.36191999912,0.0,0.0300051327795
1463677785254305609,3.18333339691,6.0227894783,-0.0177857708186,-0.618577897549,-2.63104629517,0.0,0.0300051327795
1463677785288125373,3.21666669846,6.02053308487,-0.084955714643,0.48319464922,-1.39915037155,0.0,0.0300051327795
1463677785320607903,3.25,6.04133892059,-0.125310406089,0.765139341354,-1.0221310854,0.0,0.0300051327795
1463677785353919640,3.28333330154,6.07032823563,-0.154513671994,0.974240124226,-0.730064988136,0.0,0.0300051327795
1463677785387390765,3.31666660309,6.10781812668,-0.17262801528,1.27514147758,-0.3567956388,0.0,0.0300051327795
1463677785420762250,3.34999990463,6.15397834778,-0.179944247007,1.49447488785,-0.0821784883738,0.0,0.0300051327795
1463677785477827034,3.3833334446,6.20480489731,-0.181057006121,1.55510616302,0.0154133178294,0.0,0.0300051327795
1463677785486944580,3.41666674614,6.25608491898,-0.18077069521,1.52170372009,0.00176530284807,0.0,0.0300051327795
1463677785520774008,3.45000004768,6.30673360825,-0.180734798312,1.51721739769,0.000388750981074,0.0,0.0300051327795
1463677785553957162,3.48333334923,6.35757017136,-0.180683299899,1.53297317028,0.00270094675943,0.0,0.0300051327795
1463677785587384405,3.51666665077,6.40914535522,-0.18061889708,1.56153059006,0.00116298871581,0.0,0.0300051327795
1463677785620840617,3.54999995232,6.46192312241,-0.1806358248,1.60515987873,-0.00217811740004,0.0,0.0300051327795
1463677785690410692,3.58333325386,6.51652908325,-0.180675372481,1.67119109631,-0.000195333821466,0.0,0.0300051327795
1463677785694253442,3.6166665554,6.57574462891,-0.178462311625,1.88173532486,0.132978856564,0.0,0.0300051327795
1463677785720919639,3.65000009537,6.638048172,-0.176246002316,1.85647952557,0.0,0.0,0.0300051327795
1463677785754202058,3.68333339691,6.69307613373,-0.185792535543,1.44519436359,-0.572792291641,0.0,0.0300051327795
1463677785787181493,3.71666669846,6.73568868637,-0.213489964604,1.11156308651,-1.08905279636,0.0,0.0300051327795
1463677785820625116,3.75,6.76273775101,-0.263751089573,0.511383593082,-1.92661583424,0.0,0.0300051327795
1463677785874545870,3.78333330154,6.77387332916,-0.33753708005,0.156745135784,-2.50054359436,0.0,0.0300051327795
1463677785894473119,3.81666660309,6.74223661423,-0.465582460165,-2.05495429039,-5.18217754364,0.0,0.0300051327795
1463677785920555254,3.84999990463,6.73517560959,-0.573515117168,1.63128781319,-1.29378175735,0.0,0.0300051327795
1463677785955052929,3.8833334446,6.79505062103,-0.613226890564,1.96121442318,-1.0889248848,0.0,0.0300051327795
1463677785987247995,3.91666674614,6.84449625015,-0.671373665333,1.00552892685,-2.39988350868,0.0,0.0300051327795
1463677786020979835,3.95000004768,6.89603328705,-0.733381330967,2.08669257164,-1.32057631016,0.0,0.0300051327795
1463677786078212003,3.98333334923,6.97227525711,-0.773067653179,2.48782205582,-1.06060051918,0.0,0.0300051327795
1463677786087436423,4.01666688919,7.06086921692,-0.805599987507,2.82782936096,-0.891341269016,0.0,0.0300051327795
1463677786120894156,4.05000019073,7.15989971161,-0.834059357643,3.11398911476,-0.816221117973,0.0,0.0300051327795
1463677786154226603,4.08333349228,7.26931476593,-0.85902351141,3.45091509819,-0.68162715435,0.0,0.0300051327795
1463677786188252699,4.11666679382,7.39310407639,-0.873496472836,3.97644400597,-0.186749428511,0.0,0.0300051327795
1463677786220790360,4.15000009537,7.53124046326,-0.877948760986,4.31175088882,-0.080387711525,0.0,0.0300051327795
1463677786288808471,4.18333339691,7.68026065826,-0.880005419254,4.6294465065,-0.043013766408,0.0,0.0300051327795
1463677786295308746,4.21666669846,7.83992290497,-0.880653142929,4.95028543472,0.00415019365028,0.0,0.0300051327795
1463677786321148166,4.25,8.01019668579,-0.880434632301,5.26616811752,0.00896232761443,0.0,0.0300051327795
1463677786354705167,4.28333330154,8.19109344482,-0.881163537502,5.5876326561,-0.0526992157102,0.0,0.0300051327795
1463677786389355039,4.31666660309,8.38205623627,-0.882789075375,5.87011289597,-0.0448328182101,0.0,0.0300051327795
1463677786421564916,4.34999990463,8.58094978333,-0.882587730885,6.06349468231,0.0569134987891,0.0,0.0300051327795
1463677786492104831,4.38333320618,8.78753662109,-0.882026135921,6.33171129227,-0.0232152547687,0.0,0.0300051327795
1463677786496195999,4.41666650772,9.00069236755,-0.88226467371,6.45767068863,0.00890150014311,0.0,0.0300051327795
1463677786521737961,4.44999980927,9.21782112122,-0.882359743118,6.57006597519,-0.0146036874503,0.0,0.0300051327795
1463677786554672333,4.48333311081,9.43706226349,-0.882741868496,6.58439588547,-0.00832604896277,0.0,0.0300051327795
1463677786587307443,4.51666688919,9.65585327148,-0.88316988945,6.54305076599,-0.0173562634736,0.0,0.0300051327795
1463677786620865432,4.55000019073,9.87391281128,-0.885801911354,6.54052734375,-0.140561535954,0.0,0.0300051327795
1463677786675864758,4.58333349228,10.0873594284,-0.888686716557,6.26628351212,-0.0325284563005,0.0,0.0300051327795
1463677786688202271,4.61666679382,10.291686058,-0.888901054859,5.99329376221,0.0196671206504,0.0,0.0300051327795
1463677786723009528,4.65000009537,10.4868869781,-0.88831615448,5.71875476837,0.0154291884974,0.0,0.0300051327795
1463677786757457866,4.68333339691,10.6723737717,-0.887740731239,5.41043758392,0.0190946366638,0.0,0.0300051327795
1463677786787173625,4.71666669846,10.847073555,-0.886119008064,5.07157278061,0.0782072097063,0.0,0.0300051327795
1463677786821723860,4.75,11.0106105804,-0.884060919285,4.74062633514,0.0452807582915,0.0,0.0300051327795
1463677786875348168,4.78333330154,11.1630573273,-0.882979333401,4.40618038177,0.0196122378111,-4.80026006699,0.0300051327795
1463677786887131363,4.81666660309,11.3050451279,-0.880184948444,4.11311340332,0.148052185774,-4.80026006699,0.0300051327795
1463677786921630451,4.84999990463,11.4369506836,-0.87534070015,3.80120658875,0.142604067922,-4.80026006699,0.0300051327795
1463677786954426795,4.88333320618,11.5609054565,-0.866224586964,3.63608932495,0.404359966516,-4.80026006699,0.0300051327795
1463677786987616411,4.91666650772,11.6766262054,-0.854402184486,3.30714678764,0.304985016584,-4.80026006699,0.0300051327795
1463677787021060857,4.94999980927,11.7811832428,-0.846548557281,2.96626877785,0.166234478354,-4.80026006699,0.0300051327795
1463677787053992464,4.98333311081,11.8736095428,-0.844660103321,2.5793056488,-0.0529288500547,-4.80026006699,0.0300051327795
1463677787100261307,5.01666688919,11.9561624527,-0.846494317055,2.37389707565,-0.0571243129671,0.0,0.0300051327795
1463677787121350566,5.05000019073,12.0328683853,-0.847703695297,2.22845387459,-0.015436032787,0.0,0.0300051327795
1463677787154010867,5.08333349228,12.1045694351,-0.848131299019,2.07358956337,-0.0102214179933,0.0,0.0300051327795
1463677787187497321,5.11666679382,12.1735525131,-0.846079647541,2.06542873383,0.133320793509,0.0,0.0300051327795
1463677787220736751,5.15000009537,12.2424535751,-0.839479327202,2.06858515739,0.262697041035,0.0,0.0300051327795
1463677787282597684,5.18333339691,12.3106126785,-0.829868078232,2.02098894119,0.313980162144,0.0,0.0300051327795
1463677787288391800,5.21666669846,12.3709535599,-0.825306892395,1.59943664074,-0.040310099721,0.0,0.0300051327795
1463677787320646962,5.25,12.4223356247,-0.827634751797,1.48351991177,-0.0993611514568,0.0,0.0300051327795
1463677787355202654,5.28333330154,12.4706487656,-0.83139705658,1.4152354002,-0.126379027963,0.0,0.0300051327795
1463677787387434374,5.31666660309,12.5059623718,-0.847055017948,0.70361083746,-0.813098669052,0.0,0.0300051327795
1463677787420864622,5.34999990463,12.5233058929,-0.87998521328,0.336978793144,-1.16271114349,0.0,0.0300051327795
1463677787475186826,5.38333320618,12.5222015381,-0.930860757828,-0.403232067823,-1.88982117176,0.0,0.0300051327795
1463677787486829249,5.41666650772,12.5231809616,-0.979164600372,0.462001681328,-1.0084104538,0.0,0.0300051327795
1463677787521641561,5.44999980927,12.5454721451,-1.00568342209,0.875457704067,-0.582719147205,0.0,0.0300051327795
1463677787554105711,5.48333311081,12.5801486969,-1.01955938339,1.20517373085,-0.249835595489,0.0,0.0300051327795
1463677787587615795,5.51666688919,12.6244487762,-1.02391350269,1.45282423496,-0.0114171979949,0.0,0.0300051327795
1463677787620913943,5.55000019073,12.6736164093,-1.0239610672,1.49723923206,0.00856315065175,0.0,0.0300051327795
1463677787654973610,5.58333349228,12.7134017944,-1.0345582962,0.889875650406,-0.644396364689,0.0,0.0300051327795
1463677787689010546,5.61666679382,12.7406568527,-1.05933976173,0.745438754559,-0.842491090298,0.0,0.0300051327795
1463677787721565728,5.65000009537,12.7665319443,-1.08738744259,0.807032048702,-0.840365290642,0.0,0.0300051327795
1463677787754940332,5.68333339691,12.7600040436,-1.15072274208,-1.19872391224,-2.95975470543,0.0,0.0300051327795
1463677787787262720,5.71666669846,12.7371530533,-1.23302984238,-0.172287672758,-1.97867143154,0.0,0.0300051327795
1463677787822552655,5.75,12.7390136719,-1.29221010208,0.283914923668,-1.57214355469,0.0,0.0300051327795
1463677787854619122,5.78333330154,12.7523851395,-1.34161770344,0.518351078033,-1.39231359959,0.0,0.0300051327795
1463677787886627957,5.81666660309,12.7773113251,-1.38129889965,0.977244317532,-0.988561213017,0.0,0.0300051327795
1463677787923493446,5.84999990463,12.8038005829,-1.42172384262,0.612121701241,-1.43693435192,0.0,0.0300051327795
1463677787954163473,5.88333320618,12.7979106903,-1.49807190895,-0.965555012226,-3.14394450188,0.0,0.0300051327795
1463677787987269309,5.91666650772,12.7988920212,-1.57017600536,1.02444934845,-1.18230509758,0.0,0.0300051327795
1463677788022231288,5.94999980927,12.8265514374,-1.61763763428,0.635089278221,-1.66539025307,0.0,0.0300051327795
1463677788092987273,5.98333311081,12.8360786438,-1.68671679497,-0.0634087696671,-2.47936439514,0.0,0.0300051327795
1463677788100411033,6.01666688919,12.8480710983,-1.75624537468,0.782951593399,-1.69234740734,0.0,0.0300051327795
1463677788122046146,6.05000019073,12.8737926483,-1.81468260288,0.760310292244,-1.81388902664,0.0,0.0300051327795
1463677788154044913,6.08333349228,12.9122142792,-1.86316025257,1.54502534866,-1.09476852417,0.0,0.0300051327795
1463677788187287815,6.11666679382,12.9460535049,-1.92067408562,0.485301792622,-2.35605788231,0.0,0.0300051327795
1463677788221072180,6.15000009537,12.9790725708,-1.98323667049,1.49585902691,-1.39770054817,0.0,0.0300051327795
1463677788284313386,6.18333339691,13.0154371262,-2.04722547531,0.685975909233,-2.44163274765,0.0,0.0300051327795
1463677788288677182,6.21666669846,13.0547294617,-2.11296534538,1.6715785265,-1.50275814533,0.0,0.0300051327795
1463677788320441487,6.25,13.1223955154,-2.15236639977,2.38840126991,-0.861304223537,0.0,0.0300051327795
1463677788355290784,6.28333330154,13.2040643692,-2.18220543861,2.51170897484,-0.929031252861,0.0,0.0300051327795
1463677788387321590,6.31666660309,13.3003978729,-2.20128583908,3.26832175255,-0.215794816613,0.0,0.0300051327795
1463677788421050746,6.34999990463,13.4153013229,-2.20537805557,3.62586736679,-0.0297429841012,0.0,0.0300051327795
1463677788482196178,6.38333320618,13.5392189026,-2.20821523666,3.80921912193,-0.140481203794,0.0,0.0300051327795
1463677788486463144,6.41666650772,13.6712675095,-2.21191430092,4.11369132996,-0.0814704298973,0.0,0.0300051327795
1463677788521563241,6.44999980927,13.8135995865,-2.21382069588,4.42624759674,-0.0329076759517,0.0,0.0300051327795
1463677788554155456,6.48333311081,13.9663257599,-2.21473002434,4.73728179932,-0.0216575451195,0.0,0.0300051327795
1463677788587439814,6.51666688919,14.1294813156,-2.21571397781,5.05203914642,-0.0373765565455,0.0,0.0300051327795
1463677788621237357,6.55000019073,14.3031215668,-2.21664977074,5.36642885208,-0.0187649074942,0.0,0.0300051327795
1463677788701695668,6.58333349228,14.4868803024,-2.21643662453,5.65908479691,0.0315496772528,0.0,0.0300051327795
1463677788706527075,6.61666679382,14.6806459427,-2.21631813049,5.96684980392,-0.0244420561939,0.0,0.0300051327795
1463677788721411338,6.65000009537,14.8834562302,-2.21672558784,6.20177936554,0.0,0.0,0.0300051327795
1463677788753941564,6.68333339691,15.0930051804,-2.21596717834,6.37115812302,0.0454956889153,0.0,0.0300051327795
1463677788788386889,6.71666669846,15.3065662384,-2.21300649643,6.44247531891,0.132148116827,0.0,0.0300051327795
1463677788821140437,6.75,15.5196084976,-2.20537471771,6.34003925323,0.325759112835,0.0,0.0300051327795
1463677788888246018,6.78333330154,15.7311210632,-2.19442439079,6.35074663162,0.331255853176,0.0,0.0300051327795
1463677788893172048,6.81666660309,15.94231987,-2.1837618351,6.32119321823,0.308505624533,0.0,0.0300051327795
1463677788921107397,6.84999990463,16.1555652618,-2.17825627327,6.47349643707,0.0218323394656,0.0,0.0300051327795
1463677788954599555,6.88333320618,16.3678607941,-2.17698502541,6.26423501968,0.054432246834,0.0,0.0300051327795
1463677788988168000,6.91666650772,16.5734806061,-2.1761713028,6.07297134399,-0.00560072017834,0.0,0.0300051327795
1463677789020635499,6.94999980927,16.771276474,-2.17632460594,5.79477930069,-0.00359987281263,0.0,0.0300051327795
1463677789078647727,6.98333311081,16.9592914581,-2.17638468742,5.48606872559,0.0,0.0,0.0300051327795
1463677789086632562,7.01666688919,17.1366081238,-2.17583823204,5.1529712677,0.0327806398273,0.0,0.0300051327795
1463677789121819193,7.05000019073,17.302652359,-2.17180228233,4.80973100662,0.209378883243,0.0,0.0300051327795
1463677789153854300,7.08333349228,17.4575195312,-2.16413450241,4.48227643967,0.250688284636,0.0,0.0300051327795
1463677789187538462,7.11666679382,17.6022529602,-2.15297055244,4.20176458359,0.419145673513,0.0,0.0300051327795
1463677789221423316,7.15000009537,17.7401657104,-2.13122558594,4.07291555405,0.885558068752,0.0,0.0300051327795
1463677789269814518,7.18333339691,17.8772449493,-2.08961844444,4.15188264847,1.61086785793,0.0,0.0300051327795
1463677789297238109,7.21666669846,18.0194225311,-2.0227868557,4.37878322601,2.39901828766,0.0,0.0300051327795
1463677789322018542,7.25,18.1323795319,-1.98280334473,2.39864063263,0.0,0.0,0.0300051327795
1463677789354410591,7.28333330154,18.2289142609,-1.95711994171,3.39336681366,1.54100203514,0.0,0.0300051327795
1463677789387292462,7.31666660309,18.3265762329,-1.92043817043,2.4663631916,0.659906923771,0.0,0.0300051327795
1463677789422264959,7.34999990463,18.4033813477,-1.90160858631,2.1419570446,0.469863891602,0.0,0.0300051327795
1463677789480836164,7.38333320618,18.4763774872,-1.88177251816,2.23789596558,0.72030544281,0.0,0.0300051327795
1463677789486762662,7.41666650772,18.5436820984,-1.86350762844,1.80028927326,0.375587254763,0.0,0.0300051327795
1463677789521296579,7.44999980927,18.601688385,-1.85147345066,1.68009006977,0.346464335918,0.0,0.0300051327795
1463677789554287790,7.48333311081,18.6655254364,-1.83064770699,2.15012192726,0.903074800968,0.0,0.0300051327795
1463677789587394189,7.51666688919,18.7299365997,-1.8069974184,1.71458399296,0.515944242477,0.0,0.0300051327795
1463677789620574561,7.55000019073,18.784236908,-1.79211318493,1.54348242283,0.377108305693,0.0,0.0300051327795
1463677789690489291,7.58333349228,18.8296108246,-1.78535592556,1.17895758152,0.0283266920596,0.0,0.0300051327795
1463677789693588185,7.61666679382,18.8562431335,-1.79703044891,0.418946444988,-0.728795647621,0.0,0.0300051327795
1463677789720688182,7.65000009537,18.8618564606,-1.82972991467,-0.0821234434843,-1.23317074776,0.0,0.0300051327795
1463677789754652460,7.68333339691,18.8455429077,-1.88445603848,-0.896677911282,-2.05039572716,0.0,0.0300051327795
1463677789787675791,7.71666669846,18.8265266418,-1.94186425209,-0.244293376803,-1.39409708977,0.0,0.0300051327795
1463677789821040472,7.75,18.8214912415,-1.98508870602,-0.0578869134188,-1.19937384129,0.0,0.0300051327795
1463677789853908287,7.78333330154,18.8057918549,-2.03866934776,-0.884111881256,-2.0154569149,0.0,0.0300051327795
1463677789891362490,7.81666660309,18.7840251923,-2.09785032272,-0.421853899956,-1.53540146351,0.0,0.0300051327795
1463677789920497227,7.84999990463,18.7810993195,-2.13749241829,0.24632628262,-0.843129396439,0.0,0.0300051327795
1463677789954136495,7.88333320618,18.779920578,-2.17463755608,-0.317049145699,-1.38558375835,0.0,0.0300051327795
1463677789988391491,7.91666650772,18.7682514191,-2.22152614594,-0.383098870516,-1.42772579193,0.0,0.0300051327795
1463677790020956078,7.94999980927,18.7741374969,-2.24994134903,0.736196935177,-0.277192622423,0.0,0.0300051327795
1463677790082785379,7.98333311081,18.7995967865,-2.25789523125,0.791400492191,-0.20003542304,0.0,0.0300051327795
1463677790088245455,8.01666641235,18.8284873962,-2.2618303299,0.942086040974,-0.0360726267099,0.0,0.0300051327795
1463677790122253447,8.05000019073,18.8573474884,-2.26551890373,0.789422035217,-0.185240924358,0.0,0.0300051327795
1463677790154786015,8.08333301544,18.8732223511,-2.28221511841,0.163159400225,-0.816526055336,0.0,0.0300051327795
1463677790187837628,8.11666679382,18.8839054108,-2.3043320179,0.477755963802,-0.510497689247,0.0,0.0300051327795
1463677790221482741,8.14999961853,18.9052886963,-2.31610751152,0.805327653885,-0.196023613214,0.0,0.0300051327795
1463677790281918028,8.18333339691,18.9219779968,-2.33316588402,0.196001768112,-0.827483892441,0.0,0.0300051327795
1463677790286847601,8.21666622162,18.9292984009,-2.36036753654,0.243253976107,-0.804613530636,0.0,0.0300051327795
1463677790320861579,8.25,18.9376754761,-2.38736963272,0.259366720915,-0.815519094467,0.0,0.0300051327795
1463677790354933928,8.28333377838,18.94597435,-2.41540122032,0.238470390439,-0.866364777088,0.0,0.0300051327795
1463677790387329582,8.31666660309,18.9484672546,-2.45030045509,-0.0888984501362,-1.22759151459,0.0,0.0300051327795
1463677790421320863,8.35000038147,18.9333286285,-2.50397157669,-0.81934940815,-1.9926789999,0.0,0.0300051327795
1463677790453893749,8.38333320618,18.916934967,-2.55987071991,-0.164344921708,-1.36126601696,0.0,0.0300051327795
1463677790487304343,8.41666698456,18.9154968262,-2.6015586853,0.0780978649855,-1.140016675,0.0,0.0300051327795
1463677790520916742,8.44999980927,18.9241466522,-2.63386917114,0.440936028957,-0.798609375954,0.0,0.0300051327795
1463677790554270736,8.48333358765,18.9185905457,-2.68122410774,-0.774361610413,-2.04268622398,0.0,0.0300051327795
1463677790587740058,8.51666641235,18.9167995453,-2.72560954094,0.666926801205,-0.620442152023,0.0,0.0300051327795
1463677790622344954,8.55000019073,18.9318218231,-2.75392317772,0.234455570579,-1.07837927341,0.0,0.0300051327795
1463677790654066287,8.58333301544,18.9297523499,-2.80024409294,-0.358620911837,-1.70087492466,0.0,0.0300051327795
1463677790686898906,8.61666679382,18.9353294373,-2.83979535103,0.693161487579,-0.672195792198,0.0,0.0300051327795
1463677790720487168,8.64999961853,18.9516048431,-2.86956930161,0.283423364162,-1.11424863338,0.0,0.0300051327795
1463677790754170354,8.68333339691,18.9537334442,-2.91464018822,-0.15568600595,-1.58999228477,0.0,0.0300051327795
1463677790787572349,8.71666622162,18.958902359,-2.95779824257,0.465801984072,-0.999504268169,0.0,0.0300051327795
1463677790820570890,8.75,18.9786472321,-2.98750042915,0.718869268894,-0.782617926598,0.0,0.0300051327795
1463677790885217868,8.78333377838,18.9978618622,-3.01913166046,0.434039443731,-1.11526298523,0.0,0.0300051327795
1463677790891175822,8.81666660309,19.0230560303,-3.04630279541,1.07758450508,-0.515007078648,0.0,0.0300051327795
1463677790921352808,8.85000038147,19.0535011292,-3.07006716728,0.749072194099,-0.910855770111,0.0,0.0300051327795
1463677790954048745,8.88333320618,19.0593395233,-3.12117362022,-0.398710429668,-2.15552616119,0.0,0.0300051327795
1463677790987148372,8.91666698456,19.0624923706,-3.17738723755,0.587850928307,-1.21728384495,0.0,0.0300051327795
1463677791022154004,8.94999980927,19.0904407501,-3.21062278748,1.08908200264,-0.776847779751,0.0,0.0300051327795
1463677791094841620,8.98333358765,19.1171340942,-3.24786257744,0.512548327446,-1.45754384995,0.0,0.0300051327795
1463677791101412554,9.01666641235,19.1504116058,-3.28116154671,1.48405838013,-0.540391862392,0.0,0.0300051327795
1463677791120450292,9.05000019073,19.2009563446,-3.29983520508,1.54862034321,-0.580037236214,0.0,0.0300051327795
1463677791155650862,9.08333301544,19.2591648102,-3.31420183182,1.94393837452,-0.28196054697,0.0,0.0300051327795
1463677791187548369,9.11666679382,19.3205223083,-3.32992076874,1.73746740818,-0.661168575287,0.0,0.0300051327795
1463677791220716665,9.14999961853,19.3885612488,-3.34335565567,2.34488248825,-0.144926607609,0.0,0.0300051327795
1463677791253766510,9.18333339691,19.4688796997,-3.3490884304,2.47422814369,-0.199035584927,0.0,0.0300051327795
1463677791286690227,9.21666622162,19.5558338165,-3.35419750214,2.74299669266,-0.10751568526,0.0,0.0300051327795
1463677791321723166,9.25,19.6527385712,-3.35528302193,3.07124137878,0.0423863306642,0.0,0.0300051327795
1463677791354248148,9.28333377838,19.7591190338,-3.35389041901,3.31161117554,0.0411652177572,0.0,0.0300051327795
1463677791387448401,9.31666660309,19.8730983734,-3.35389661789,3.52721118927,-0.041534755379,0.0,0.0300051327795
1463677791420492216,9.35000038147,19.9956150055,-3.35477185249,3.82379698753,-0.0109812626615,0.0,0.0300051327795
1463677791482398462,9.38333320618,20.1284008026,-3.35415434837,4.1433339119,0.0480307936668,0.0,0.0300051327795
1463677791487606875,9.41666698456,20.2718105316,-3.35201954842,4.46126794815,0.0800642296672,0.0,0.0300051327795
1463677791520483880,9.44999980927,20.4260139465,-3.34656715393,4.79084825516,0.247075796127,0.0,0.0300051327795
1463677791554789950,9.48333358765,20.5912380219,-3.34138822556,5.12258338928,0.0636607408524,0.0,0.0300051327795
1463677791587844747,9.51666641235,20.7660293579,-3.33510136604,5.36490678787,0.313550651073,0.0,0.0300051327795
1463677791621736155,9.55000019073,20.9477443695,-3.32021975517,5.53804063797,0.579349815845,0.0,0.0300051327795
1463677791695596533,9.58333301544,21.1356716156,-3.29932928085,5.73753118515,0.674075841904,0.0,0.0300051327795
1463677791698051785,9.61666679382,21.3333053589,-3.28075814247,6.12060070038,0.440192937851,-35.0,0.0300051327795
1463677791721738346,9.64999961853,21.5462436676,-3.27342152596,6.65562486649,0.0,-35.0,0.0300051327795
1463677791754115003,9.68333339691,21.7680969238,-3.27174735069,6.65557003021,0.100448906422,-35.0,0.0300051327795
1463677791788578908,9.71666622162,21.9910430908,-3.26907730103,6.72122383118,0.059754408896,-35.0,0.0300051327795
1463677791820913200,9.75,22.2154560089,-3.26825022697,6.74351453781,-0.010125557892,-35.0,0.0300051327795
1463677791853948617,9.78333377838,22.4379844666,-3.26828503609,6.60823154449,0.00803924258798,-35.0,0.0300051327795
1463677791887166407,9.81666660309,22.6548843384,-3.26761817932,6.40575504303,0.0319758318365,0.0,0.0300051327795
1463677791921888442,9.85000038147,22.8649501801,-3.26721906662,6.19821310043,-0.00804066844285,0.0,0.0300051327795
1463677791955716718,9.88333320618,23.0663795471,-3.26654815674,5.88753652573,0.0483061261475,0.0,0.0300051327795
1463677791987950141,9.91666698456,23.2576065063,-3.26526284218,5.58601951599,0.0288067888469,0.0,0.0300051327795
1463677792022057984,9.94999980927,23.438243866,-3.2637629509,5.25223827362,0.0611828267574,0.0,0.0300051327795
1463677792084827694,9.98333358765,23.6077079773,-3.26042509079,4.9156794548,0.139099493623,0.0,0.0300051327795
1463677792088097153,10.0166664124,23.7664928436,-3.25229978561,4.6113781929,0.348417162895,0.0,0.0300051327795
