%time,field.sys_time,field.q0,field.q1,field.dq0,field.dq1,field.sac0,field.u0
1463677545475059281,0.0,0.0,0.0,0.0,0.0,0.0,0.505253195763
1463677545476288888,0.0166666675359,3.14159274101,2.0073928833,0.0,0.0,0.0,0.505253195763
1463677545487790621,0.0500000007451,3.14012646675,2.00886559486,-0.0879727900028,0.0883590430021,0.0,0.505253195763
1463677545522802646,0.0833333358169,3.13886284828,2.01015305519,0.0121533609927,-0.0111016388983,0.0,0.505253195763
1463677545554745838,0.116666667163,3.14057278633,2.00848579407,0.0904537439346,-0.0889398679137,0.0,0.505253195763
1463677545588286008,0.15000000596,3.14309835434,2.00600767136,0.0610725469887,-0.0597399696708,0.0,0.505253195763
1463677545621913088,0.183333337307,3.14386129379,2.0052793026,-0.0152920065448,0.0160331688821,0.0,0.505253195763
1463677545681410018,0.216666668653,3.13606309891,2.01312351227,-0.452597111464,0.454613685608,0.0,0.505253195763
1463677545689164797,0.25,3.12749004364,2.02181863785,-0.0617873929441,0.0670964866877,0.0,0.505253195763
1463677545722225168,0.283333331347,3.12995171547,2.0195980072,0.209477454424,-0.200337901711,0.0,0.505253195763
1463677545754351725,0.316666662693,3.1405851841,2.00929141045,0.428541868925,-0.418046355247,0.0,0.505253195763
1463677545788555721,0.34999999404,3.1571419239,1.99302959442,0.564859628677,-0.557671606541,0.0,0.505253195763
1463677545823688480,0.383333325386,3.18270039558,1.96752905846,0.968646287918,-0.972361445427,0.0,0.505253195763
1463677545854214031,0.416666656733,3.23082661629,1.91885876656,1.91892027855,-1.94785499573,0.0,0.505253195763
1463677545886659730,0.449999988079,3.31264877319,1.83519101143,2.99041962624,-3.07221150398,0.0,0.505253195763
1463677545920486490,0.483333319426,3.42206335068,1.72150325775,3.57444596291,-3.74905204773,0.0,0.505253195763
1463677545953812214,0.516666650772,3.61339521408,1.51868259907,7.90547466278,-8.42018222809,0.0,0.505253195763
1463677545987359704,0.550000011921,3.83931303024,1.27898895741,5.64959001541,-5.96143817902,0.0,0.505253195763
1463677546020850282,0.583333313465,4.02367925644,1.08011305332,5.41238260269,-5.97111940384,0.0,0.505253195763
1463677546053816322,0.616666674614,4.21886062622,0.846778571606,6.29849147797,-8.02894592285,0.0,0.505253195763
1463677546087296472,0.649999976158,4.40669059753,0.623378932476,4.97132158279,-5.37503433228,0.0,0.505253195763
1463677546120903898,0.683333337307,4.56259012222,0.463868290186,4.38264560699,-4.19560289383,0.0,0.505253195763
1463677546154632809,0.716666638851,4.70180082321,0.341338396072,3.96999287605,-3.15619134903,0.0,0.505253195763
1463677546187787958,0.75,4.82943058014,0.251181602478,3.68780350685,-2.25321507454,0.0,0.505253195763
1463677546222431794,0.783333361149,4.95016717911,0.194438040257,3.55637788773,-1.15139913559,0.0,0.505253195763
1463677546287013359,0.816666662693,5.0671415329,0.168778911233,3.46209573746,-0.388148993254,0.0,0.505253195763
1463677546289655426,0.850000023842,5.18019580841,0.162642642856,3.32115650177,0.0199726764113,0.0,0.505253195763
1463677546320927172,0.883333325386,5.28607749939,0.163271874189,3.03174877167,0.0177817773074,0.0,0.505253195763
1463677546354243450,0.916666686535,5.38332700729,0.165047779679,2.80323076248,0.0887727886438,0.0,0.505253195763
1463677546387787020,0.949999988079,5.47037649155,0.164647772908,2.41973590851,-0.112773790956,0.0,0.505253195763
1463677546421017315,0.983333349228,5.54862737656,0.162927687168,2.27530765533,0.00956842675805,0.0,0.505253195763
1463677546477468782,1.01666665077,5.62146234512,0.163963750005,2.09478402138,0.0525958649814,0.0,0.505253195763
1463677546487566902,1.04999995232,5.68839550018,0.166163608432,1.92121350765,0.0793956294656,0.0,0.505253195763
1463677546520455689,1.08333337307,5.75148010254,0.171178847551,1.86386013031,0.22151902318,0.0,0.505253195763
1463677546554070077,1.11666667461,5.80775022507,0.174930989742,1.51234734058,0.00360872736201,0.0,0.505253195763
1463677546587210127,1.14999997616,5.8556470871,0.174940422177,1.36145818233,-0.00304196425714,0.0,0.505253195763
1463677546620509734,1.1833332777,5.89834070206,0.174293205142,1.20017695427,-0.0357917137444,0.0,0.505253195763
1463677546671861802,1.21666669846,5.92929458618,0.165535986423,0.657042205334,-0.489641487598,0.0,0.505253195763
1463677546687730464,1.25,5.94334983826,0.142855763435,0.186281040311,-0.871171593666,0.0,0.505253195763
1463677546721371092,1.28333330154,5.94783687592,0.113906674087,0.0829333588481,-0.865773737431,0.0,0.505253195763
1463677546754648346,1.3166667223,5.92571258545,0.0606310144067,-1.4103884697,-2.3307659626,0.0,0.505253195763
1463677546787133003,1.35000002384,5.89595556259,0.00364123773761,-0.375048607588,-1.08862066269,0.0,0.505253195763
1463677546820700713,1.38333332539,5.89155244827,-0.0216340441257,0.110868066549,-0.427896350622,0.0,0.505253195763
1463677546881297966,1.41666662693,5.8997964859,-0.0287417955697,0.383785873652,0.00143131252844,0.0,0.505253195763
1463677546887451167,1.45000004768,5.91549634933,-0.0234015192837,0.55819106102,0.31898522377,0.0,0.505253195763
1463677546920504128,1.48333334923,5.94735145569,0.00341880554333,1.35311758518,1.29023432732,0.0,0.505253195763
1463677546954410845,1.51666665077,5.98456573486,0.0399498231709,0.879756033421,0.901626825333,0.0,0.505253195763
1463677546987345096,1.54999995232,6.00560188293,0.0629943832755,0.382391303778,0.481046617031,0.0,0.505253195763
1463677547021029431,1.58333337307,6.01884126663,0.0810670256615,0.41198220849,0.603311955929,0.0,0.505253195763
1463677547082297725,1.61666667461,6.03143930435,0.101452000439,0.343890994787,0.61978662014,0.0,0.505253195763
1463677547087554931,1.64999997616,6.0356221199,0.115991413593,-0.0929072648287,0.25257819891,0.0,0.505253195763
1463677547121349925,1.6833332777,6.03961420059,0.133102074265,0.332440108061,0.774061262608,0.0,0.505253195763
1463677547154230838,1.71666669846,6.06257724762,0.172446459532,1.04534304142,1.586602211,0.0,0.505253195763
1463677547187971073,1.75,6.0970492363,0.226105257869,1.02297127247,1.63292598724,0.0,0.505253195763
1463677547220884264,1.78333330154,6.14117097855,0.291642218828,1.6243275404,2.29929232597,0.0,0.505253195763
1463677547274180846,1.8166667223,6.16651725769,0.34001493454,-0.103537648916,0.603069365025,0.0,0.505253195763
1463677547286597524,1.85000002384,6.15984725952,0.357524007559,-0.296689927578,0.447475492954,0.0,0.505253195763
1463677547320645993,1.88333332539,6.13043355942,0.353472739458,-1.46812188625,-0.690551936626,0.0,0.505253195763
1463677547354002105,1.91666662693,6.08361673355,0.333539634943,-1.34087955952,-0.505433857441,0.0,0.505253195763
1463677547387312999,1.95000004768,6.04334354401,0.32241076231,-1.07552075386,-0.162298679352,0.0,0.505253195763
1463677547422428343,1.98333334923,6.01178407669,0.322839379311,-0.818045020103,0.188015967607,0.0,0.505253195763
1463677547478238803,2.01666665077,5.99851369858,0.345252484083,0.0218193624169,1.15677011013,0.0,0.505253195763
1463677547487917272,2.04999995232,5.98830080032,0.37401753664,-0.634574353695,0.569133877754,0.0,0.505253195763
1463677547521753186,2.08333325386,5.97889328003,0.406992763281,0.0701220482588,1.40937805176,0.0,0.505253195763
1463677547554035395,2.1166665554,6.00545740128,0.481022119522,1.52371644974,3.03238391876,0.0,0.505253195763
1463677547588106147,2.15000009537,6.03974294662,0.566536784172,0.533414065838,2.09849691391,0.0,0.505253195763
1463677547621235591,2.18333339691,6.05837774277,0.638681292534,0.584672629833,2.23017096519,0.0,0.505253195763
1463677547679382884,2.21666669846,6.08357429504,0.720059871674,0.927109539509,2.65254378319,0.0,0.505253195763
1463677547687553014,2.25,6.12093067169,0.816069126129,1.31427681446,3.10801148415,0.0,0.505253195763
1463677547721758669,2.28333330154,6.16460800171,0.920343160629,1.30637311935,3.14843344688,0.0,0.505253195763
1463677547754658564,2.31666660309,6.21193313599,1.02964353561,1.53313696384,3.4095890522,0.0,0.505253195763
1463677547787259045,2.34999990463,6.29912757874,1.17951929569,3.69853401184,5.58295822144,0.0,0.505253195763
1463677547821350402,2.3833334446,6.36504077911,1.30799019337,0.25623896718,2.12529325485,0.0,0.505253195763
1463677547875262949,2.41666674614,6.39385795593,1.39868378639,1.47279834747,3.31632089615,0.0,0.505253195763
1463677547887300939,2.45000004768,6.44959211349,1.51520979404,1.87123906612,3.67524290085,0.0,0.505253195763
1463677547922261847,2.48333334923,6.50733995438,1.63197720051,1.59365439415,3.33079862595,0.0,0.505253195763
1463677547953937864,2.51666665077,6.58131790161,1.76309812069,2.84500408173,4.5364613533,0.0,0.505253195763
1463677547988125882,2.54999995232,6.63781833649,1.87181651592,0.545020520687,1.98663794994,0.0,0.505253195763
1463677548022666613,2.58333325386,6.66116714478,1.9415166378,0.855915725231,2.19536972046,0.0,0.505253195763
1463677548069637339,2.6166665554,6.69623231888,2.01952767372,1.24800133705,2.48530006409,0.0,0.505253195763
1463677548087450617,2.65000009537,6.72613382339,2.08700990677,0.546082317829,1.56362938881,0.0,0.505253195763
1463677548123177769,2.68333339691,6.7285490036,2.11896586418,-0.401162564754,0.353726238012,0.0,0.505253195763
1463677548154156491,2.71666669846,6.69685840607,2.10797524452,-1.50027251244,-1.01317048073,0.0,0.505253195763
1463677548187556929,2.75,6.64694023132,2.07202553749,-1.49481189251,-1.14379858971,0.0,0.505253195763
1463677548221556433,2.78333330154,6.5819106102,2.01585483551,-2.40697288513,-2.22644758224,0.0,0.505253195763
1463677548284313342,2.81666660309,6.48430681229,1.92224383354,-3.44926118851,-3.39021730423,0.0,0.505253195763
1463677548290831985,2.84999990463,6.39127922058,1.83043551445,-2.13238310814,-2.11827731133,0.0,0.505253195763
1463677548320927679,2.8833334446,6.32586717606,1.76503837109,-1.79235506058,-1.80555617809,0.0,0.505253195763
1463677548354443976,2.91666674614,6.25334262848,1.69199240208,-2.55911064148,-2.57719945908,0.0,0.505253195763
1463677548387594281,2.95000004768,6.17354440689,1.61191034317,-2.22879624367,-2.22772502899,0.0,0.505253195763
1463677548421658153,2.98333334923,6.10184955597,1.54101419449,-2.07287287712,-2.02604484558,0.0,0.505253195763
1463677548454695901,3.01666665077,6.03840017319,1.48038053513,-1.7341029644,-1.61197531223,0.0,0.505253195763
1463677548496968016,3.04999995232,5.99407339096,1.44210195541,-0.925494730473,-0.684733986855,0.0,0.505253195763
1463677548520642446,3.08333325386,5.9772605896,1.43566226959,-0.0832831189036,0.298352450132,0.0,0.505253195763
1463677548554638579,3.1166665554,5.9870929718,1.46054935455,0.673234283924,1.19487130642,0.0,0.505253195763
1463677548589246966,3.15000009537,6.01588821411,1.50860524178,1.0544834137,1.68848383427,0.0,0.505253195763
1463677548621141117,3.18333339691,6.05002689362,1.56526625156,0.993825435638,1.71117115021,0.0,0.505253195763
1463677548676641196,3.21666669846,6.10484981537,1.64569032192,2.29554748535,3.11427426338,0.0,0.505253195763
1463677548687578014,3.25,6.16661119461,1.73547184467,1.41013932228,2.27261805534,0.0,0.505253195763
1463677548720223980,3.28333330154,6.19814014435,1.79625666142,0.481591969728,1.37447094917,0.0,0.505253195763
1463677548754609731,3.31666660309,6.235039711,1.86337530613,1.73239684105,2.65264940262,0.0,0.505253195763
1463677548787807006,3.34999990463,6.26532697678,1.92453324795,0.0848394706845,1.01682186127,0.0,0.505253195763
1463677548821305439,3.3833334446,6.2595949173,1.94996666908,-0.428776860237,0.509186685085,0.0,0.505253195763
1463677548889665899,3.41666674614,6.24578762054,1.96758031845,-0.399656891823,0.547629356384,0.0,0.505253195763
1463677548895536957,3.45000004768,6.23072957993,1.98432779312,-0.503816127777,0.457224428654,0.0,0.505253195763
1463677548921539062,3.48333334923,6.20899391174,1.99494087696,-0.800329267979,0.179555341601,0.0,0.505253195763
1463677548955957983,3.51666665077,6.17663240433,1.995683074,-1.14134931564,-0.135023519397,0.0,0.505253195763
1463677548988494310,3.54999995232,6.13996124268,1.99322104454,-1.05892181396,-0.0126943811774,0.0,0.505253195763
1463677549021730703,3.58333325386,6.10477828979,1.99376761913,-1.05207717419,0.0454914718866,0.0,0.505253195763
1463677549088257175,3.6166665554,6.07597112656,2.00271344185,-0.676341056824,0.49125918746,0.0,0.505253195763
1463677549094325926,3.65000009537,6.06517744064,2.03230524063,0.0287130102515,1.28424358368,0.0,0.505253195763
1463677549121630181,3.68333339691,6.07191228867,2.08222937584,0.375373899937,1.71120893955,0.0,0.505253195763
1463677549156489028,3.71666669846,6.10273742676,2.15908527374,1.47414422035,2.90013837814,0.0,0.505253195763
1463677549189507082,3.75,6.14541864395,2.25013208389,1.08671569824,2.56267285347,0.0,0.505253195763
1463677549221130693,3.78333330154,6.17992115021,2.33450961113,0.983438193798,2.49997639656,0.0,0.505253195763
1463677549279744088,3.81666660309,6.19067239761,2.39625954628,-0.338343888521,1.20502007008,0.0,0.505253195763
1463677549286698708,3.84999990463,6.18193864822,2.43950796127,-0.185693383217,1.38989317417,0.0,0.505253195763
1463677549324298942,3.8833334446,6.1652264595,2.47583341599,-0.817028522491,0.789632737637,0.0,0.505253195763
1463677549354007929,3.91666674614,6.13520479202,2.5000436306,-0.984281480312,0.662977039814,0.0,0.505253195763
1463677549387849454,3.95000004768,6.09897136688,2.519551754,-1.18971765041,0.507507622242,0.0,0.505253195763
1463677549421154352,3.98333334923,6.0690984726,2.54754495621,-0.60265392065,1.17207872868,0.0,0.505253195763
1463677549454886386,4.01666688919,6.06261634827,2.60178136826,0.21371550858,2.08211922646,0.0,0.505253195763
1463677549487152553,4.05000019073,6.05872392654,2.66112327576,-0.447246521711,1.47838807106,-35.0,0.505253195763
1463677549521853016,4.08333349228,6.05620098114,2.72439074516,0.295860856771,2.31765604019,-35.0,0.505253195763
1463677549554534263,4.11666679382,6.09131765366,2.82871937752,1.81113195419,3.94206976891,-35.0,0.505253195763
1463677549588221121,4.15000009537,6.10763454437,2.91649866104,-0.832103490829,1.32468569279,-35.0,0.505253195763
1463677549621743640,4.18333339691,6.08101797104,2.96281552315,-0.764905154705,1.4543223381,-35.0,0.505253195763
1463677549675388045,4.21666669846,6.05283117294,3.00970935822,-0.926301121712,1.35931503773,0.0,0.505253195763
1463677549686956013,4.25,6.0151386261,3.0493388176,-1.33523976803,1.01845347881,0.0,0.505253195763
1463677549720476805,4.28333330154,5.97977828979,3.09441614151,-0.786393344402,1.68618500233,0.0,0.505253195763
1463677549755163195,4.31666660309,5.93476915359,3.13262104988,-1.91415441036,0.606098771095,0.0,0.505253195763
1463677549787517143,4.34999990463,5.86703300476,3.15071487427,-2.15001344681,0.479533016682,0.0,0.505253195763
1463677549821889784,4.38333320618,5.79180574417,3.16532278061,-2.36361217499,0.39694866538,0.0,0.505253195763
1463677549882221045,4.41666650772,5.71350002289,3.18222999573,-2.33474111557,0.617475032806,0.0,0.505253195763
1463677549889493972,4.44999980927,5.62568902969,3.19436883926,-2.93390011787,0.110854253173,0.0,0.505253195763
1463677549920827333,4.48333311081,5.52410650253,3.19762659073,-3.16105985641,0.0846141278744,0.0,0.505253195763
1463677549954334779,4.51666688919,5.40708637238,3.18914961815,-3.86016368866,-0.593235194683,0.0,0.505253195763
1463677549987236713,4.55000019073,5.27090787888,3.16392469406,-4.31054496765,-0.920261859894,0.0,0.505253195763
1463677550020657251,4.58333349228,5.1265411377,3.14178109169,-4.3514547348,-0.408351868391,0.0,0.505253195763
1463677550084258724,4.61666679382,4.9769153595,3.12941336632,-4.62610149384,-0.333702325821,0.0,0.505253195763
1463677550089058247,4.65000009537,4.81828355789,3.12243628502,-4.89179563522,-0.0849347189069,0.0,0.505253195763
1463677550120987187,4.68333339691,4.64981174469,3.11432743073,-5.21650695801,-0.401591569185,0.0,0.505253195763
1463677550154918084,4.71666669846,4.47018575668,3.10451364517,-5.56104660034,-0.187239095569,0.0,0.505253195763
1463677550188682171,4.75,4.27996778488,3.09795475006,-5.85204744339,-0.206282749772,0.0,0.505253195763
1463677550221968719,4.78333330154,4.08087921143,3.09013152122,-6.09325790405,-0.263114273548,0.0,0.505253195763
1463677550274983813,4.81666660309,3.87166833878,3.08473157883,-6.45940446854,-0.0608879961073,0.0,0.505253195763
1463677550287002449,4.84999990463,3.65414738655,3.08176922798,-6.5918469429,-0.116846106946,0.0,0.505253195763
1463677550320657582,4.88333320618,3.43245005608,3.07791614532,-6.7099852562,-0.114342994988,0.0,0.505253195763
1463677550354147151,4.91666650772,3.21425080299,3.06776928902,-6.38197040558,-0.494465440512,0.0,0.505253195763
1463677550387595308,4.94999980927,2.99952292442,3.0536403656,-6.50170373917,-0.353266954422,0.0,0.505253195763
1463677550420515782,4.98333311081,2.78565979004,3.04047703743,-6.33008527756,-0.436544418335,0.0,0.505253195763
1463677550453839830,5.01666688919,2.57790184021,3.02517724037,-6.13540172577,-0.481437712908,0.0,0.505253195763
1463677550493247083,5.05000019073,2.37674736977,3.00931048393,-5.93385648727,-0.470568090677,0.0,0.505253195763
1463677550522078717,5.08333349228,2.18164682388,2.9960463047,-5.77217435837,-0.325280159712,0.0,0.505253195763
1463677550554707278,5.11666679382,1.99365246296,2.98612475395,-5.50749397278,-0.270010203123,0.0,0.505253195763
1463677550587334571,5.15000009537,1.81576156616,2.97582769394,-5.16595935822,-0.347823321819,0.0,0.505253195763
1463677550620600095,5.18333339691,1.64853799343,2.96750044823,-4.86745691299,-0.151799142361,0.0,0.505253195763
1463677550679009256,5.21666669846,1.49185097218,2.96334910393,-4.53375959396,-0.0972887724638,0.0,0.505253195763
1463677550686713868,5.25,1.34549403191,2.95543026924,-4.24765825272,-0.377845138311,0.0,0.505253195763
1463677550723065156,5.28333330154,1.20928096771,2.9430475235,-3.92512917519,-0.365113377571,0.0,0.505253195763
1463677550753942513,5.31666660309,1.07117152214,2.90118432045,-4.36143493652,-2.14668560028,0.0,0.505253195763
1463677550788647762,5.34999990463,0.937984406948,2.84343910217,-3.62979316711,-1.31802296638,0.0,0.505253195763
1463677550821132507,5.38333320618,0.827967643738,2.80994844437,-2.97121143341,-0.69141036272,0.0,0.505253195763
1463677550854568943,5.41666650772,0.720462143421,2.76956939697,-3.47911858559,-1.73133790493,0.0,0.505253195763
1463677550897275008,5.44999980927,0.612467348576,2.71758365631,-3.00056743622,-1.38780081272,0.0,0.505253195763
1463677550920753591,5.48333311081,0.517928540707,2.67425942421,-2.67176198959,-1.21165394783,0.0,0.505253195763
1463677550954511452,5.51666688919,0.427285194397,2.62922668457,-2.76683950424,-1.49030947685,0.0,0.505253195763
1463677550987362465,5.55000019073,0.341076314449,2.58375453949,-2.40569376945,-1.23803150654,0.0,0.505253195763
1463677551020608843,5.58333349228,0.269767522812,2.55000638962,-1.87283337116,-0.786848723888,0.0,0.505253195763
1463677551072972745,5.61666679382,0.212283194065,2.52747917175,-1.57622635365,-0.564782619476,0.0,0.505253195763
1463677551087949279,5.65000009537,0.153020620346,2.50075697899,-1.97952711582,-1.03855824471,0.0,0.505253195763
1463677551121709710,5.68333339691,0.0626280978322,2.44092750549,-3.44402456284,-2.55120444298,0.0,0.505253195763
1463677551154142289,5.71666669846,-0.0391497313976,2.36873197556,-2.66264486313,-1.7805314064,0.0,0.505253195763
1463677551188703355,5.75,-0.120692998171,2.31697773933,-2.22995090485,-1.32472109795,0.0,0.505253195763
1463677551222002494,5.78333330154,-0.185212954879,2.28353881836,-1.64124667645,-0.681616902351,0.0,0.505253195763
1463677551254898884,5.81666660309,-0.228091165423,2.27403330803,-0.931445837021,0.111294575036,0.0,0.505253195763
1463677551286429935,5.84999990463,-0.266868203878,2.27111625671,-1.39517712593,-0.286327749491,0.0,0.505253195763
1463677551320510043,5.88333320618,-0.308199971914,2.26855134964,-1.08472847939,0.13243176043,0.0,0.505253195763
1463677551354050105,5.91666650772,-0.324687123299,2.29552507401,0.0954986140132,1.48600435257,0.0,0.505253195763
1463677551387788219,5.94999980927,-0.33080291748,2.33708834648,-0.462445437908,1.00778210163,0.0,0.505253195763
1463677551422456193,5.98333311081,-0.335790514946,2.38363099098,0.16319014132,1.78478741646,0.0,0.505253195763
1463677551454990194,6.01666688919,-0.308906883001,2.46766853333,1.44982743263,3.25746035576,0.0,0.505253195763
1463677551491431608,6.05000019073,-0.280022770166,2.55766272545,0.283219218254,2.14219665527,0.0,0.505253195763
1463677551520319455,6.08333349228,-0.271110922098,2.63006806374,0.251492142677,2.20212316513,0.0,0.505253195763
1463677551554059668,6.11666679382,-0.280479997396,2.68658208847,-0.813637197018,1.18870937824,0.0,0.505253195763
1463677551587521467,6.15000009537,-0.30109757185,2.73462247849,-0.423417180777,1.69371116161,0.0,0.505253195763
1463677551621487071,6.18333339691,-0.289807319641,2.81942796707,1.10083258152,3.39462280273,0.0,0.505253195763
1463677551654814734,6.21666669846,-0.263677477837,2.92318296432,0.466957449913,2.83067679405,0.0,0.505253195763
1463677551687765498,6.25,-0.261688351631,3.00495958328,-0.34760928154,2.07591557503,-34.8123092651,0.505253195763
1463677551722276135,6.28333330154,-0.285222858191,3.06326079369,-1.06446230412,1.42216277122,-34.8123092651,0.505253195763
1463677551753862422,6.31666660309,-0.31680777669,3.1164188385,-0.830632209778,1.76732158661,-34.8123092651,0.505253195763
1463677551787895780,6.34999990463,-0.368514418602,3.15180230141,-2.27176594734,0.355690121651,-34.8123092651,0.505253195763
1463677551820751604,6.38333320618,-0.443874180317,3.16632986069,-2.24981975555,0.515957415104,-34.8123092651,0.505253195763
1463677551894002829,6.41666650772,-0.524117946625,3.18038511276,-2.56480741501,0.327365338802,0.0,0.505253195763
1463677551897927919,6.44999980927,-0.61532407999,3.18791365623,-2.90756082535,0.124347545207,0.0,0.505253195763
1463677551920272049,6.48333311081,-0.716018557549,3.1914229393,-3.13410830498,0.086199246347,0.0,0.505253195763
1463677551953931627,6.51666688919,-0.827409744263,3.18981909752,-3.54936170578,-0.182427555323,0.0,0.505253195763
1463677551987292228,6.55000019073,-0.948606073856,3.18568491936,-3.72241783142,-0.0656215772033,0.0,0.505253195763
1463677552021880133,6.58333349228,-1.07711744308,3.1836335659,-3.9882619381,-0.057456754148,0.0,0.505253195763
1463677552078958218,6.61666679382,-1.2184047699,3.17326116562,-4.48898267746,-0.564894795418,0.0,0.505253195763
1463677552087707621,6.65000009537,-1.37171161175,3.15960717201,-4.70942497253,-0.254343569279,0.0,0.505253195763
1463677552123757574,6.68333339691,-1.53441119194,3.14726281166,-5.05254888535,-0.486311167479,0.0,0.505253195763
1463677552154261677,6.71666669846,-1.70822763443,3.13371992111,-5.37643432617,-0.326271086931,0.0,0.505253195763
1463677552187346123,6.75,-1.89183461666,3.11960721016,-5.63998365402,-0.520488083363,0.0,0.505253195763
1463677552220179567,6.78333330154,-2.08686137199,3.10779809952,-6.061627388,-0.188056841493,0.0,0.505253195763
1463677552277835675,6.81666660309,-2.29291844368,3.10112643242,-6.30178833008,-0.212238788605,0.0,0.505253195763
1463677552293731019,6.84999990463,-2.49449801445,3.07781791687,-5.79299783707,-1.1862783432,0.0,0.505253195763
1463677552320755487,6.88333320618,-2.70711970329,3.05804657936,-6.96429109573,0.0,0.0,0.505253195763
1463677552354096699,6.91666650772,-2.92512845993,3.04160642624,-6.11624622345,-0.986405730247,0.0,0.505253195763
1463677552387651977,6.94999980927,-3.13728451729,3.01661372185,-6.61311006546,-0.513165414333,0.0,0.505253195763
1463677552421418272,6.98333311081,-3.35515713692,2.99768590927,-6.45924520493,-0.622494161129,0.0,0.505253195763
1463677552453528958,7.01666688919,-3.56821036339,2.97653865814,-6.32394647598,-0.646341443062,0.0,0.505253195763
1463677552487523579,7.05000019073,-3.78296613693,2.96295213699,-6.56140851974,-0.168854415417,0.0,0.505253195763
1463677552522768320,7.08333349228,-3.9975066185,2.95689892769,-6.31101846695,-0.194337934256,0.0,0.505253195763
1463677552554987922,7.11666679382,-4.20238351822,2.94887161255,-5.98158979416,-0.287303119898,0.0,0.505253195763
1463677552587087551,7.15000009537,-4.39849710464,2.94392633438,-5.7852306366,-0.00941727962345,0.0,0.505253195763
1463677552622536709,7.18333339691,-4.58518743515,2.94035172462,-5.41618251801,-0.205059915781,0.0,0.505253195763
1463677552653849630,7.21666669846,-4.75980854034,2.92389655113,-5.06107521057,-0.782249808311,0.0,0.505253195763
1463677552693926653,7.25,-4.92255783081,2.9011490345,-4.70390272141,-0.582600593567,0.0,0.505253195763
1463677552722371485,7.28333330154,-5.0742726326,2.88084554672,-4.39898633957,-0.635597109795,0.0,0.505253195763
1463677552754252518,7.31666660309,-5.22336959839,2.84189629555,-4.54683685303,-1.70136141777,0.0,0.505253195763
1463677552787414727,7.34999990463,-5.36363697052,2.79714274406,-3.86918401718,-0.983850955963,0.0,0.505253195763
1463677552823079932,7.38333320618,-5.49160671234,2.75947022438,-3.80899786949,-1.27650129795,0.0,0.505253195763
1463677552887383086,7.41666650772,-5.62084293365,2.70891475677,-3.94518041611,-1.75682234764,0.0,0.505253195763
1463677552892103884,7.44999980927,-5.74034881592,2.66099071503,-3.22517085075,-1.11862552166,0.0,0.505253195763
1463677552921955678,7.48333311081,-5.84393072128,2.62514209747,-2.98974132538,-1.03229510784,0.0,0.505253195763
1463677552955224184,7.51666688919,-5.94703769684,2.58469581604,-3.19670009613,-1.39447307587,0.0,0.505253195763
1463677552987929731,7.55000019073,-6.05446004868,2.53564405441,-3.24864006042,-1.54863488674,0.0,0.505253195763
1463677553022106672,7.58333349228,-6.16127061844,2.48446798325,-3.15998911858,-1.52192926407,0.0,0.505253195763
1463677553074159841,7.61666679382,-6.28078699112,2.4191236496,-4.01099681854,-2.39874053001,0.0,0.505253195763
1463677553098152895,7.65000009537,-6.38790655136,2.36593413353,-2.41616439819,-0.792619943619,0.0,0.505253195763
1463677553120769913,7.68333339691,-6.46081876755,2.34793257713,-1.95855939388,-0.287484973669,0.0,0.505253195763
1463677553154749492,7.71666669846,-6.52262830734,2.3430044651,-1.75002110004,-0.00819209869951,0.0,0.505253195763
1463677553187782359,7.75,-6.57911062241,2.34609794617,-1.63892328739,0.193801432848,0.0,0.505253195763
1463677553220417609,7.78333330154,-6.62823009491,2.36014103889,-1.30823469162,0.648778676987,0.0,0.505253195763
1463677553278121820,7.81666660309,-6.65818119049,2.39844059944,-0.488849639893,1.64919507504,0.0,0.505253195763
1463677553286757558,7.84999990463,-6.6909365654,2.43786120415,-1.47645413876,0.716042041779,0.0,0.505253195763
1463677553320742064,7.88333320618,-6.7293586731,2.47607684135,-0.828881621361,1.57689976692,0.0,0.505253195763
1463677553354569006,7.91666650772,-6.76594734192,2.52132105827,-1.36643433571,1.13775074482,0.0,0.505253195763
1463677553387331805,7.94999980927,-6.80747509003,2.56681036949,-1.12523913383,1.59160721302,0.0,0.505253195763
1463677553421897601,7.98333311081,-6.8333902359,2.6366519928,-0.429666429758,2.59889245033,0.0,0.505253195763
1463677553504358293,8.01666641235,-6.85859870911,2.71384072304,-1.08282911777,2.03243160248,0.0,0.505253195763
1463677553508726120,8.05000019073,-6.88651657104,2.79508829117,-0.592256367207,2.84242081642,0.0,0.505253195763
1463677553521463071,8.08333301544,-6.94814443588,2.84246206284,-3.10540485382,0.0,0.0,0.505253195763
1463677553554307942,8.11666679382,-7.04886627197,2.85078144073,-2.93790888786,0.49916651845,0.0,0.505253195763
1463677553588795105,8.14999961853,-7.15733575821,2.85772681236,-3.57025051117,-0.0824428498745,0.0,0.505253195763
1463677553622120331,8.18333339691,-7.27997493744,2.85605597496,-3.78811430931,-0.0178075768054,0.0,0.505253195763
1463677553683069911,8.21666622162,-7.41095209122,2.85532093048,-4.07050323486,-0.0263013131917,0.0,0.505253195763
1463677553688268015,8.25,-7.55224943161,2.85261321068,-4.40733480453,-0.13615424931,0.0,0.505253195763
1463677553720732119,8.28333377838,-7.70504283905,2.84490728378,-4.76028966904,-0.326198846102,0.0,0.505253195763
1463677553754413613,8.31666660309,-7.8690700531,2.83296489716,-5.08134698868,-0.390354186296,0.0,0.505253195763
1463677553787397699,8.35000038147,-8.04342842102,2.81727552414,-5.38014316559,-0.550995349884,0.0,0.505253195763
1463677553820884480,8.38333320618,-8.22995758057,2.80666089058,-5.81159830093,-0.0858833268285,0.0,0.505253195763
1463677553854028687,8.41666698456,-8.42943191528,2.80621314049,-6.15688943863,0.059007935226,0.0,0.505253195763
1463677553893969774,8.44999980927,-8.63296318054,2.79905343056,-6.05495405197,-0.488585203886,0.0,0.505253195763
1463677553920847463,8.48333358765,-8.84381389618,2.79021644592,-6.59610319138,-0.0416298657656,0.0,0.505253195763
1463677553954360104,8.51666641235,-9.06652164459,2.78946995735,-6.76636075974,-0.00316670536995,0.0,0.505253195763
1463677553987302729,8.55000019073,-9.29137706757,2.78749871254,-6.7249584198,-0.115100137889,0.0,0.505253195763
1463677554020658351,8.58333301544,-9.50973701477,2.77793288231,-6.37665128708,-0.45886182785,0.0,0.505253195763
1463677554080742254,8.61666679382,-9.72316741943,2.76474952698,-6.42914009094,-0.332138776779,0.0,0.505253195763
1463677554086921270,8.64999961853,-9.92944145203,2.74744820595,-5.94733715057,-0.705940544605,0.0,0.505253195763
1463677554121101275,8.68333339691,-10.1292514801,2.72973489761,-6.04125738144,-0.356848478317,0.0,0.505253195763
1463677554154231538,8.71666622162,-10.3219709396,2.71120786667,-5.52188634872,-0.75477451086,0.0,0.505253195763
1463677554188131323,8.75,-10.5074148178,2.69705319405,-5.60477399826,-0.0945097580552,0.0,0.505253195763
1463677554221100398,8.78333377838,-10.6855583191,2.68472599983,-5.08385467529,-0.645122289658,0.0,0.505253195763
1463677554277240683,8.81666660309,-10.8520793915,2.67430615425,-4.90736722946,0.0199299771339,0.0,0.505253195763
1463677554289269589,8.85000038147,-11.0092821121,2.66154360771,-4.5248093605,-0.785679936409,0.0,0.505253195763
1463677554321750303,8.88333320618,-11.1541099548,2.64062428474,-4.16485691071,-0.469484180212,0.0,0.505253195763
1463677554353772927,8.91666698456,-11.2912454605,2.60857391357,-4.06329965591,-1.45352733135,0.0,0.505253195763
1463677554387384639,8.94999980927,-11.4164113998,2.57440662384,-3.4466342926,-0.59651440382,0.0,0.505253195763
1463677554420026690,8.98333358765,-11.5299739838,2.54671430588,-3.36712837219,-1.06503045559,0.0,0.505253195763
1463677554485966945,9.01666641235,-11.6479682922,2.49263620377,-3.71251273155,-2.17965769768,0.0,0.505253195763
1463677554491233874,9.05000019073,-11.7542562485,2.4401512146,-2.66476011276,-0.969432353973,0.0,0.505253195763
1463677554521652119,9.08333301544,-11.8466463089,2.39754128456,-2.87867999077,-1.58716797829,0.0,0.505253195763
1463677554554959133,9.11666679382,-11.947312355,2.33421421051,-3.161277771,-2.21246099472,0.0,0.505253195763
1463677554587445469,9.14999961853,-12.0430927277,2.26824188232,-2.58551383018,-1.74586772919,0.0,0.505253195763
1463677554620945869,9.18333339691,-12.128827095,2.20763802528,-2.55855441093,-1.89036524296,0.0,0.505253195763
1463677554654178291,9.21666622162,-12.2169589996,2.1392083168,-2.72935962677,-2.2154135704,0.0,0.505253195763
1463677554695376761,9.25,-12.2709293365,2.10228490829,-0.508886933327,0.0,0.0,0.505253195763
1463677554720331134,9.28333377838,-12.3107299805,2.07688570023,-1.87916195393,-1.52395033836,0.0,0.505253195763
1463677554754250043,9.31666660309,-12.3636751175,2.03471517563,-1.29754948616,-1.00628304482,0.0,0.505253195763
1463677554787497301,9.35000038147,-12.3947687149,2.01248216629,-0.568064451218,-0.327700972557,0.0,0.505253195763
1463677554821199726,9.38333320618,-12.4079942703,2.00643181801,-0.225420922041,-0.0353186205029,0.0,0.505253195763
1463677554886971353,9.41666698456,-12.4187231064,2.00114774704,-0.418350636959,-0.28171774745,0.0,0.505253195763
1463677554893054018,9.44999980927,-12.4280357361,1.99564731121,-0.140412166715,-0.0483126081526,0.0,0.505253195763
1463677554920463893,9.48333358765,-12.4305648804,1.99545633793,-0.0113303950056,0.0368548668921,0.0,0.505253195763
1463677554954691616,9.51666641235,-12.433588028,1.99327433109,-0.170018553734,-0.167777165771,0.0,0.505253195763
1463677554988963387,9.55000019073,-12.4419078827,1.98429226875,-0.329183757305,-0.371144294739,0.0,0.505253195763
1463677555022121592,9.58333301544,-12.4546852112,1.96944451332,-0.437472820282,-0.519724488258,0.0,0.505253195763
1463677555075234438,9.61666679382,-12.4667015076,1.9541144371,-0.283504843712,-0.400078475475,0.0,0.505253195763
1463677555092988596,9.64999961853,-12.4722604752,1.94415616989,-0.050034891814,-0.197416752577,0.0,0.505253195763
1463677555120075379,9.68333339691,-12.4678850174,1.94312739372,0.31254312396,0.135687679052,0.0,0.505253195763
1463677555153914326,9.71666622162,-12.4625711441,1.94196617603,0.00633342610672,-0.205358624458,0.0,0.505253195763
1463677555187720725,9.75,-12.4614496231,1.93546652794,0.060926951468,-0.184615492821,0.0,0.505253195763
1463677555221981945,9.78333377838,-12.4623241425,1.92581653595,-0.113378934562,-0.394389778376,0.0,0.505253195763
1463677555273589027,9.81666660309,-12.4742965698,1.90388119221,-0.604994058609,-0.921730279922,0.0,0.505253195763
1463677555296298278,9.85000038147,-12.4885072708,1.87866151333,-0.247616708279,-0.591448366642,0.0,0.505253195763
1463677555320891763,9.88333320618,-12.5042858124,1.85100090504,-0.699099361897,-1.06818652153,0.0,0.505253195763
1463677555354149250,9.91666698456,-12.5233736038,1.81931567192,-0.446178615093,-0.832931816578,0.0,0.505253195763
1463677555386556930,9.94999980927,-12.5290679932,1.80051863194,0.104497611523,-0.294889211655,0.0,0.505253195763
1463677555420572976,9.98333358765,-12.5278024673,1.78826224804,-0.0285462271422,-0.440493822098,0.0,0.505253195763
1463677555454112753,10.0166664124,-12.5417852402,1.76034545898,-0.81042599678,-1.23451137543,0.0,0.505253195763
