%time,field.sys_time,field.q0,field.q1,field.dq0,field.dq1,field.sac0,field.u0
1463676059232790154,0.0,0.0,0.0,0.0,0.0,0.0,-0.277421265841
1463676059262926735,0.0166666675359,3.13908219337,-3.44667339325,-0.150629267097,0.151290312409,0.0,-0.277421265841
1463676059320231179,0.0500000007451,3.13384485245,-3.44138145447,-0.163605093956,0.166216060519,0.0,-0.277421265841
1463676059328342357,0.0833333358169,3.12682986259,-3.4342110157,-0.257295072079,0.264018774033,0.0,-0.277421265841
1463676059361542720,0.116666667163,3.12290930748,-3.42997646332,0.0220534484833,-0.00994560588151,0.0,-0.277421265841
1463676059394604934,0.15000000596,3.12578463554,-3.43235874176,0.1504778862,-0.133002012968,0.0,-0.277421265841
1463676059428269309,0.183333337307,3.13148593903,-3.43741226196,0.191600397229,-0.170209825039,0.0,-0.277421265841
1463676059461482876,0.216666668653,3.13981509209,-3.44500470161,0.308146864176,-0.285326689482,0.0,-0.277421265841
1463676059532509425,0.25,3.14868211746,-3.4531314373,0.223863393068,-0.202286705375,0.0,-0.277421265841
1463676059537962396,0.283333331347,3.14815759659,-3.45191764832,-0.255325257778,0.275119066238,0.0,-0.277421265841
1463676059561479410,0.316666662693,3.14576172829,-3.44889426231,0.111575901508,-0.0937214121222,0.0,-0.277421265841
1463676059594540097,0.34999999404,3.14967918396,-3.45225334167,0.123468637466,-0.10782392323,0.0,-0.277421265841
1463676059628732827,0.383333325386,3.15163779259,-3.4537396431,-0.00595613289624,0.0186525639147,0.0,-0.277421265841
1463676059661323923,0.416666656733,3.14968371391,-3.45140862465,-0.111282475293,0.121203996241,0.0,-0.277421265841
1463676059694454189,0.449999988079,3.14383006096,-3.4452457428,-0.239943444729,0.248576879501,0.0,-0.277421265841
1463676059737672752,0.483333319426,3.12127637863,-3.42232728004,-1.11327970028,1.12653362751,0.0,-0.277421265841
1463676059760856508,0.516666650772,3.09240317345,-3.3928091526,-0.619107961655,0.644550025463,0.0,-0.277421265841
1463676059795832397,0.550000011921,3.06452822685,-3.36370182037,-1.05339097977,1.10188984871,0.0,-0.277421265841
1463676059829184486,0.583333313465,3.03102612495,-3.32805037498,-0.956728279591,1.03719890118,0.0,-0.277421265841
1463676059863754433,0.616666674614,2.98313045502,-3.27656817436,-1.91702413559,2.05173420906,0.0,-0.277421265841
1463676059916304173,0.649999976158,2.89655280113,-3.18394804001,-3.27762579918,3.50547385216,0.0,-0.277421265841
1463676059931226988,0.683333337307,2.8080701828,-3.08708834648,-2.03133678436,2.30610656738,0.0,-0.277421265841
1463676059961628369,0.716666638851,2.68698191643,-2.95097136497,-5.23395586014,5.86091089249,0.0,-0.277421265841
1463676059996283327,0.75,2.54297184944,-2.78757452965,-3.40665340424,3.94289731979,0.0,-0.277421265841
1463676060029908467,0.783333361149,2.42118477821,-2.64147543907,-3.90056395531,4.82304096222,0.0,-0.277421265841
1463676060061933795,0.816666662693,2.29640936852,-2.48251438141,-3.585958004,4.71462965012,0.0,-0.277421265841
1463676060094940684,0.850000023842,2.14161014557,-2.26144218445,-5.70199489594,8.54969787598,0.0,-0.277421265841
1463676060127388227,0.883333325386,1.98159754276,-2.03081965446,-3.89876365662,5.28766059875,0.0,-0.277421265841
1463676060162917747,0.916666686535,1.8664252758,-1.88273906708,-3.0115737915,3.59717416763,0.0,-0.277421265841
1463676060195848529,0.949999988079,1.74844002724,-1.66837406158,-4.06754350662,9.26471996307,0.0,-0.277421265841
1463676060228918732,0.983333349228,1.62929058075,-1.45895648003,-3.0814242363,3.30033922195,0.0,-0.277421265841
1463676060261233703,1.01666665077,1.53189253807,-1.31965565681,-2.76245975494,5.05770921707,0.0,-0.277421265841
1463676060321417092,1.04999995232,1.44776105881,-1.1221228838,-2.2854244709,6.79425954819,0.0,-0.277421265841
1463676060346346279,1.08333337307,1.37276744843,-0.92214089632,-2.21419692039,5.20465803146,0.0,-0.277421265841
1463676060361506103,1.11666667461,1.28412818909,-0.835396587849,-3.10415577888,0.0,0.0,-0.277421265841
1463676060394051369,1.14999997616,1.20045042038,-0.791481912136,-1.91651260853,2.63488006592,0.0,-0.277421265841
1463676060429550105,1.1833332777,1.15316522121,-0.674160599709,-0.920598268509,4.4043970108,0.0,-0.277421265841
1463676060461154621,1.21666669846,1.11369085312,-0.560155808926,-1.4478597641,2.43589067459,0.0,-0.277421265841
1463676060510853290,1.25,1.06819117069,-0.483507484198,-1.28212153912,2.16301059723,0.0,-0.277421265841
1463676060528007415,1.28333330154,1.02727341652,-0.417267799377,-1.17294716835,1.81136918068,0.0,-0.277421265841
1463676060561351126,1.3166667223,0.991826236248,-0.358738899231,-0.953881382942,1.70036590099,0.0,-0.277421265841
1463676060594791487,1.35000002384,0.963017642498,-0.304828047752,-0.774634540081,1.53428387642,0.0,-0.277421265841
1463676060628398177,1.38333332539,0.930837213993,-0.272278517485,-1.15619337559,0.418689578772,0.0,-0.277421265841
1463676060661935009,1.41666662693,0.892437398434,-0.265176951885,-1.14779353142,0.00740406429395,0.0,-0.277421265841
1463676060734550570,1.45000004768,0.860205769539,-0.262098163366,-0.786105036736,0.177323609591,0.0,-0.277421265841
1463676060739599804,1.48333334923,0.84121465683,-0.251496940851,-0.35336202383,0.458749592304,0.0,-0.277421265841
1463676060761107344,1.51666665077,0.834153056145,-0.235213458538,-0.0703327506781,0.518258213997,0.0,-0.277421265841
1463676060794900424,1.54999995232,0.838022351265,-0.214700430632,0.302488297224,0.712523877621,0.0,-0.277421265841
1463676060828997142,1.58333337307,0.841989636421,-0.206247270107,-0.0644504502416,-0.205334082246,0.0,-0.277421265841
1463676060862950510,1.61666667461,0.839553892612,-0.219616755843,-0.081693738699,-0.596835494041,0.0,-0.277421265841
1463676060925876364,1.64999997616,0.836124718189,-0.246628284454,-0.12405693531,-1.02385604382,0.0,-0.277421265841
1463676060931626489,1.6833332777,0.838989973068,-0.276352196932,0.295971333981,-0.759578049183,0.0,-0.277421265841
1463676060962395346,1.71666669846,0.851796984673,-0.303361564875,0.472451329231,-0.86098408699,0.0,-0.277421265841
1463676060994298153,1.75,0.884068608284,-0.31305500865,1.46384704113,0.279376268387,0.0,-0.277421265841
1463676061029687528,1.78333330154,0.941498160362,-0.296625912189,1.98192346096,0.706370890141,0.0,-0.277421265841
1463676061061716768,1.8166667223,1.01328015327,-0.270827293396,2.32499599457,0.841545283794,0.0,-0.277421265841
1463676061126298936,1.85000002384,1.09477066994,-0.244132056832,2.56443834305,0.760168910027,0.0,-0.277421265841
1463676061129604855,1.88333332539,1.18570995331,-0.217388749123,2.89191842079,0.844430208206,0.0,-0.277421265841
1463676061161422503,1.91666662693,1.29187178612,-0.17499832809,3.47779178619,1.69899511337,0.0,-0.277421265841
1463676061195082722,1.95000004768,1.40997648239,-0.132160931826,3.60848450661,0.871248483658,0.0,-0.277421265841
1463676061229732695,1.98333334923,1.53571891785,-0.101551577449,3.93606543541,0.965312540531,0.0,-0.277421265841
1463676061261615483,2.01666665077,1.67246830463,-0.077029556036,4.26889610291,0.506008625031,0.0,-0.277421265841
1463676061324875118,2.04999995232,1.82106328011,-0.0664159506559,4.64680624008,0.130807772279,0.0,-0.277421265841
1463676061329337701,2.08333325386,1.98164820671,-0.06419891119,4.98828792572,0.00221486226656,0.0,-0.277421265841
1463676061362202234,2.1166665554,2.15254187584,-0.0641011297703,5.26532554626,0.00365203525871,0.0,-0.277421265841
1463676061394758599,2.15000009537,2.33308339119,-0.0654833838344,5.56716394424,-0.0865876600146,0.0,-0.277421265841
1463676061428861618,2.18333339691,2.52303171158,-0.069670021534,5.82973814011,-0.16461032629,0.0,-0.277421265841
1463676061461664069,2.21666669846,2.72156739235,-0.077092140913,6.08240842819,-0.280716896057,0.0,-0.277421265841
1463676061526817497,2.25,2.92572188377,-0.0863260179758,6.1668586731,-0.273315966129,0.0,-0.277421265841
1463676061533827134,2.28333330154,3.13152718544,-0.0952397584915,6.18145751953,-0.261508226395,0.0,-0.277421265841
1463676061562313782,2.31666660309,3.34538197517,-0.112453736365,6.64983463287,-0.771330416203,0.0,-0.277421265841
1463676061595287931,2.34999990463,3.55490708351,-0.127376839519,5.92166614532,-0.12405603379,0.0,-0.277421265841
1463676061629098418,2.3833334446,3.74830341339,-0.130158483982,5.68212080002,-0.0428420305252,0.0,-0.277421265841
1463676061661385221,2.41666674614,3.93353009224,-0.130891501904,5.43147134781,-0.00113898376003,0.0,-0.277421265841
1463676061718324767,2.45000004768,4.11047840118,-0.131288737059,5.18543815613,-0.0226951949298,0.0,-0.277421265841
1463676061727048894,2.48333334923,4.27846717834,-0.132035553455,4.89386892319,-0.0221145264804,0.0,-0.277421265841
1463676061761813205,2.51666665077,4.43638944626,-0.132816657424,4.58147573471,-0.0247509460896,0.0,-0.277421265841
1463676061795518522,2.54999995232,4.58355903625,-0.133118510246,4.24869203568,0.00663954298943,0.0,-0.277421265841
1463676061827921378,2.58333325386,4.71972846985,-0.134321987629,3.92147684097,-0.0788481980562,0.0,-0.277421265841
1463676061862481476,2.6166665554,4.84474372864,-0.139348492026,3.579454422,-0.222741782665,0.0,-0.277421265841
1463676061914620987,2.65000009537,4.95875453949,-0.146092072129,3.26118421555,-0.181873545051,5.85655879974,-0.277421265841
1463676061928355801,2.68333339691,5.06266403198,-0.150508746505,2.97337985039,-0.0831264257431,5.85655879974,-0.277421265841
1463676061963095133,2.71666669846,5.15726661682,-0.151779353619,2.70279693604,0.00688925292343,5.85655879974,-0.277421265841
1463676061995330958,2.75,5.24258232117,-0.151337817311,2.41611909866,0.0196032840759,5.85655879974,-0.277421265841
1463676062029066888,2.78333330154,5.3176651001,-0.152172878385,2.08887028694,-0.0697065517306,5.85655879974,-0.277421265841
1463676062062957254,2.81666660309,5.38198137283,-0.15598012507,1.77008235455,-0.158728942275,5.85655879974,-0.277421265841
1463676062130754369,2.84999990463,5.4336643219,-0.166087016463,1.33090686798,-0.447684168816,5.85655879974,-0.277421265841
1463676062139853482,2.8833334446,5.47596979141,-0.178069859743,1.20743310452,-0.271286904812,0.0,-0.277421265841
1463676062161335234,2.91666674614,5.51456069946,-0.183945283294,1.10800886154,-0.0812378078699,0.0,-0.277421265841
1463676062196560881,2.95000004768,5.54883670807,-0.185164898634,0.948549509048,0.00806094612926,0.0,-0.277421265841
1463676062228178449,2.98333334923,5.57729625702,-0.184290140867,0.759032964706,0.0444237440825,0.0,-0.277421265841
1463676062261986756,3.01666665077,5.59922266006,-0.182640105486,0.556540727615,0.0545787736773,0.0,-0.277421265841
1463676062329886047,3.04999995232,5.61326885223,-0.182208254933,0.286222755909,-0.028668070212,0.0,-0.277421265841
1463676062336921085,3.08333325386,5.62056112289,-0.181734904647,0.151327714324,0.0570694208145,0.0,-0.277421265841
1463676062362645775,3.1166665554,5.62124919891,-0.18110832572,-0.110030844808,-0.0194742325693,0.0,-0.277421265841
1463676062394691914,3.15000009537,5.61377334595,-0.182331159711,-0.338530600071,-0.0538958199322,0.0,-0.277421265841
1463676062429058919,3.18333339691,5.60099315643,-0.181692495942,-0.428291559219,0.0922148376703,0.0,-0.277421265841
1463676062462385768,3.21666669846,5.58771085739,-0.172854349017,-0.368630975485,0.438074678183,0.0,-0.277421265841
1463676062516430054,3.25,5.5776848793,-0.150700122118,-0.232942402363,0.891178309917,0.0,-0.277421265841
1463676062529488215,3.28333330154,5.5634021759,-0.124911434948,-0.624015569687,0.656143069267,0.0,-0.277421265841
1463676062562047038,3.31666660309,5.5361700058,-0.106814272702,-1.00990891457,0.429686874151,0.0,-0.277421265841
1463676062595005584,3.34999990463,5.50026226044,-0.0904183983803,-1.14456570148,0.554065704346,0.0,-0.277421265841
1463676062628740298,3.3833334446,5.45408153534,-0.0779070034623,-1.62627851963,0.196617782116,0.0,-0.277421265841
1463676062661554809,3.41666674614,5.39226293564,-0.0767508149147,-2.08283352852,-0.127246588469,0.0,-0.277421265841
1463676062720364957,3.45000004768,5.31489086151,-0.0870581269264,-2.5594856739,-0.491191983223,0.0,-0.277421265841
1463676062727766655,3.48333334923,5.22174787521,-0.109610460699,-3.02908825874,-0.861948251724,0.0,-0.277421265841
1463676062763390756,3.51666665077,5.11280250549,-0.145517528057,-3.50763249397,-1.29247570038,0.0,-0.277421265841
1463676062795551734,3.54999995232,4.97872877121,-0.224704384804,-4.53680086136,-3.45873570442,0.0,-0.277421265841
1463676062828734447,3.58333325386,4.82825756073,-0.308675587177,-4.49147033691,-1.57953584194,0.0,-0.277421265841
1463676062862789488,3.6166665554,4.67265558243,-0.375958323479,-4.84465885162,-2.45742917061,0.0,-0.277421265841
1463676062929560003,3.65000009537,4.50892591476,-0.4826836586,-4.97909927368,-3.94609117508,0.0,-0.277421265841
1463676062936045289,3.68333339691,4.32788848877,-0.578705966473,-5.88315153122,-1.81524777412,0.0,-0.277421265841
1463676062962822100,3.71666669846,4.12090396881,-0.625709950924,-6.53593063354,-1.0049905777,0.0,-0.277421265841
1463676062995404802,3.75,3.90213894844,-0.663902759552,-6.58996152878,-1.28657746315,0.0,-0.277421265841
1463676063028883111,3.78333330154,3.66379547119,-0.687218666077,-7.71064949036,-0.112377092242,0.0,-0.277421265841
1463676063062797132,3.81666660309,3.40296721458,-0.68885499239,-7.93905162811,0.0141963427886,0.0,-0.277421265841
1463676063121082643,3.84999990463,3.13676905632,-0.687287449837,-8.03283405304,0.0798581987619,0.0,-0.277421265841
1463676063128223522,3.8833334446,2.87151837349,-0.686178028584,-7.8822016716,-0.0132948132232,0.0,-0.277421265841
1463676063161257826,3.91666674614,2.61058783531,-0.686068058014,-7.77363491058,0.0198954883963,0.0,-0.277421265841
1463676063194723788,3.95000004768,2.35465097427,-0.684981822968,-7.58258008957,0.0452792011201,0.0,-0.277421265841
1463676063230211001,3.98333334923,2.10686302185,-0.684266984463,-7.28469848633,-0.00238973204978,0.0,-0.277421265841
1463676063261510661,4.01666688919,1.86982357502,-0.685937583447,-6.93766021729,-0.0978487208486,0.0,-0.277421265841
1463676063312208376,4.05000019073,1.64429283142,-0.690408527851,-6.59418964386,-0.170406550169,0.0,-0.277421265841
1463676063347402032,4.08333349228,1.4298286438,-0.702725708485,-6.2736582756,-0.568625092506,0.0,-0.277421265841
1463676063361250144,4.11666679382,1.22710597515,-0.717684805393,-5.8897023201,-0.32891947031,0.0,-0.277421265841
1463676063397457884,4.15000009537,1.03183305264,-0.737983226776,-5.82667398453,-0.888985514641,0.0,-0.277421265841
1463676063428928989,4.18333339691,0.846213698387,-0.760783731937,-5.31048870087,-0.479044646025,0.0,-0.277421265841
1463676063462614892,4.21666669846,0.672794222832,-0.777139544487,-5.09467887878,-0.502303898335,0.0,-0.277421265841
1463676063495892308,4.25,0.509734809399,-0.789566636086,-4.68888616562,-0.243324130774,0.0,-0.277421265841
1463676063528431050,4.28333330154,0.359837949276,-0.793296933174,-4.30492591858,0.0195065904409,0.0,-0.277421265841
1463676063560993068,4.31666660309,0.21956512332,-0.791026115417,-4.11144256592,0.11674259603,0.0,-0.277421265841
1463676063594923946,4.34999990463,0.0840305089951,-0.786549687386,-4.02063417435,0.151845797896,0.0,-0.277421265841
1463676063628507248,4.38333320618,-0.0484285876155,-0.780134439468,-3.92691206932,0.233068212867,0.0,-0.277421265841
1463676063661441569,4.41666650772,-0.17840898037,-0.770934224129,-3.87191200256,0.318943619728,0.0,-0.277421265841
1463676063728100127,4.44999980927,-0.305969774723,-0.757523417473,-3.78173494339,0.485704183578,0.0,-0.277421265841
1463676063735121483,4.48333311081,-0.435369491577,-0.742920458317,-3.98224830627,0.390474438667,0.0,-0.277421265841
1463676063761372793,4.51666688919,-0.571417450905,-0.730815052986,-4.18062925339,0.335848808289,0.0,-0.277421265841
1463676063794894997,4.55000019073,-0.708904147148,-0.71339058876,-4.0685710907,0.709618508816,0.0,-0.277421265841
1463676063828200118,4.58333349228,-0.853620886803,-0.697288990021,-4.61443376541,0.256477981806,0.0,-0.277421265841
1463676063861355710,4.61666679382,-1.00976908207,-0.685575664043,-4.75446224213,0.446322947741,0.0,-0.277421265841
1463676063928185779,4.65000009537,-1.17317438126,-0.671220481396,-5.04985380173,0.414988130331,0.0,-0.277421265841
1463676063936985433,4.68333339691,-1.34622311592,-0.656409561634,-5.33307170868,0.473665386438,0.0,-0.277421265841
1463676063962167669,4.71666669846,-1.53018546104,-0.647766292095,-5.70466661453,0.0449327379465,0.0,-0.277421265841
1463676063995022323,4.75,-1.72563791275,-0.645387649536,-6.02247714996,0.0977846384048,0.0,-0.277421265841
1463676064029153638,4.78333330154,-1.93133866787,-0.642586171627,-6.31957149506,0.0703057870269,0.0,-0.277421265841
1463676064062487482,4.81666660309,-2.14627790451,-0.641055345535,-6.57677555084,0.0215437151492,0.0,-0.277421265841
1463676064094756172,4.84999990463,-2.36909651756,-0.640975415707,-6.79235363007,-0.016747571528,0.0,-0.277421265841
1463676064133710551,4.88333320618,-2.59885048866,-0.641247987747,-6.99288463593,0.000392144778743,0.0,-0.277421265841
1463676064161771336,4.91666650772,-2.83339595795,-0.641876101494,-7.07984399796,-0.0380803346634,0.0,-0.277421265841
1463676064195235186,4.94999980927,-3.07082796097,-0.642521440983,-7.16607522964,-0.000638072669972,0.0,-0.277421265841
1463676064228429217,4.98333311081,-3.30927610397,-0.642503619194,-7.14080381393,0.00170542974956,0.0,-0.277421265841
1463676064261485604,5.01666688919,-3.5454595089,-0.642573595047,-7.03020000458,-0.00590260513127,0.0,-0.277421265841
1463676064319502187,5.05000019073,-3.77686309814,-0.642837107182,-6.85401439667,-0.00990737136453,8.5441236496,-0.277421265841
1463676064328287617,5.08333349228,-4.00118970871,-0.643542051315,-6.6055803299,-0.0323892049491,8.5441236496,-0.277421265841
1463676064361213714,5.11666679382,-4.21709060669,-0.644000768661,-6.34849023819,0.00486656045541,8.5441236496,-0.277421265841
1463676064394952286,5.15000009537,-4.42342233658,-0.644120156765,-6.03141689301,-0.0120324529707,8.5441236496,-0.277421265841
1463676064428380383,5.18333339691,-4.61900091171,-0.64444476366,-5.70327377319,-0.00744215259328,8.5441236496,-0.277421265841
1463676064462552741,5.21666669846,-4.80353403091,-0.644603669643,-5.36871099472,-0.00209129205905,8.5441236496,-0.277421265841
1463676064495269086,5.25,-4.97756958008,-0.64779239893,-5.07342576981,-0.18923471868,8.5441236496,-0.277421265841
1463676064527821776,5.28333330154,-5.14129447937,-0.653664827347,-4.75008630753,-0.16311006248,0.0,-0.277421265841
1463676064561495600,5.31666660309,-5.29508495331,-0.659781336784,-4.47732496262,-0.203881442547,0.0,-0.277421265841
1463676064594689625,5.34999990463,-5.44288492203,-0.671445012093,-4.39068984985,-0.49594026804,0.0,-0.277421265841
1463676064628852376,5.38333320618,-5.58181238174,-0.68308454752,-3.94494819641,-0.202429264784,0.0,-0.277421265841
1463676064661768955,5.41666650772,-5.70688867569,-0.686012983322,-3.55964183807,0.0267220884562,0.0,-0.277421265841
1463676064717205091,5.44999980927,-5.82128953934,-0.683442115784,-3.30441069603,0.127529785037,0.0,-0.277421265841
1463676064762319006,5.48333311081,-5.90803194046,-0.656183063984,-1.90013444424,1.50801229477,0.0,-0.277421265841
1463676064765033363,5.51666688919,-5.98017120361,-0.617258012295,-2.42822122574,0.827492892742,0.0,-0.277421265841
1463676064794684780,5.55000019073,-6.04763698578,-0.577267169952,-1.6197180748,1.57195556164,0.0,-0.277421265841
1463676064827865989,5.58333349228,-6.0901684761,-0.514361262321,-0.932159781456,2.20239901543,0.0,-0.277421265841
1463676064861536606,5.61666679382,-6.11520147324,-0.435820251703,-0.569828689098,2.51006388664,0.0,-0.277421265841
1463676064923687431,5.65000009537,-6.10962343216,-0.328185498714,0.904500365257,3.94801974297,0.0,-0.277421265841
1463676064927542479,5.68333339691,-6.1129899025,-0.231684222817,-1.1064646244,1.84205794334,0.0,-0.277421265841
1463676064963031103,5.71666669846,-6.1549706459,-0.176301017404,-1.41238844395,1.48093378544,0.0,-0.277421265841
1463676064995538347,5.75,-6.2108373642,-0.136375933886,-1.939625144,0.914571225643,0.0,-0.277421265841
1463676065028297353,5.78333330154,-6.24849700928,-0.079167149961,-0.319943279028,2.51795601845,0.0,-0.277421265841
1463676065061312014,5.81666660309,-6.27234649658,-0.00858481228352,-1.11101698875,1.71698451042,0.0,-0.277421265841
1463676065137396272,5.84999990463,-6.30888843536,0.0491506420076,-1.08149731159,1.74714291096,0.0,-0.277421265841
1463676065140497905,5.88333320618,-6.37427282333,0.0782696902752,-2.84159207344,0.0,0.0,-0.277421265841
1463676065161889484,5.91666650772,-6.42208862305,0.126257628202,-0.0273309145123,2.8792757988,0.0,-0.277421265841
1463676065195438852,5.94999980927,-6.40962314606,0.236485391855,0.775254786015,3.73439002037,0.0,-0.277421265841
1463676065228786174,5.98333311081,-6.4129076004,0.332324028015,-0.972340464592,2.01592850685,0.0,-0.277421265841
1463676065261315794,6.01666688919,-6.44624757767,0.399357378483,-1.02804231644,2.00607299805,0.0,-0.277421265841
1463676065316339877,6.05000019073,-6.48193788528,0.465745359659,-1.11336815357,1.97720527649,0.0,-0.277421265841
1463676065345976900,6.08333349228,-6.51022005081,0.541861116886,-0.583565533161,2.5897397995,0.0,-0.277421265841
1463676065361098034,6.11666679382,-6.54364299774,0.615119874477,-1.42181503773,1.80578589439,0.0,-0.277421265841
1463676065394587106,6.15000009537,-6.60554933548,0.661754310131,-2.29257774353,0.992282211781,0.0,-0.277421265841
1463676065428994995,6.18333339691,-6.66128253937,0.718910694122,-1.05140948296,2.43709802628,0.0,-0.277421265841
1463676065461512102,6.21666669846,-6.71656703949,0.780469596386,-2.2656443119,1.25643634796,0.0,-0.277421265841
1463676065552375616,6.25,-6.79461193085,0.82222288847,-2.4170525074,1.24876260757,0.0,-0.277421265841
1463676065558429489,6.28333330154,-6.86237668991,0.882148325443,-1.64885723591,2.34676384926,0.0,-0.277421265841
1463676065563958159,6.31666660309,-6.95256185532,0.921261072159,-3.76224946976,0.0,0.0,-0.277421265841
1463676065594875399,6.34999990463,-7.07074451447,0.935699820518,-3.32869815826,0.86632335186,0.0,-0.277421265841
1463676065628511964,6.38333320618,-7.18666648865,0.963082432747,-3.6266245842,0.77663654089,0.0,-0.277421265841
1463676065666445392,6.41666650772,-7.31175470352,0.989260435104,-3.87867832184,0.794040501118,0.0,-0.277421265841
1463676065723562698,6.44999980927,-7.44853639603,1.00970518589,-4.32822179794,0.432647168636,0.0,-0.277421265841
1463676065728994589,6.48333311081,-7.59989261627,1.01781082153,-4.75315141678,0.0536894612014,0.0,-0.277421265841
1463676065762261662,6.51666688919,-7.76366615295,1.01888906956,-5.07323932648,0.0110052740201,0.0,-0.277421265841
1463676065795030578,6.55000019073,-7.93805837631,1.01843440533,-5.39028978348,-0.0382858291268,0.0,-0.277421265841
1463676065827723395,6.58333349228,-8.1233587265,1.01969695091,-5.72776842117,0.114042103291,0.0,-0.277421265841
1463676065861499776,6.61666679382,-8.31831741333,1.02108478546,-5.96972370148,-0.0307707749307,0.0,-0.277421265841
1463676065910117095,6.65000009537,-8.52171230316,1.0200625658,-6.23399305344,-0.0305632073432,0.0,-0.277421265841
1463676065939981118,6.68333339691,-8.73393154144,1.02007627487,-6.499168396,0.0313859060407,12.5414743423,-0.277421265841
1463676065961024032,6.71666669846,-8.95175647736,1.0192066431,-6.57030820847,-0.0835664272308,12.5414743423,-0.277421265841
1463676065995548234,6.75,-9.17439460754,1.01844191551,-6.78800106049,0.0376797765493,12.5414743423,-0.277421265841
1463676066027662540,6.78333330154,-9.39893627167,1.01740515232,-6.68447494507,-0.0998807027936,12.5414743423,-0.277421265841
1463676066061278577,6.81666660309,-9.62248134613,1.01545286179,-6.72820138931,-0.0172614175826,12.5414743423,-0.277421265841
1463676066104397708,6.84999990463,-9.84345340729,1.01333606243,-6.53015947342,-0.109740771353,12.5414743423,-0.277421265841
1463676066130878173,6.88333320618,-10.0596609116,1.01133191586,-6.44225931168,-0.0105079365894,0.0,-0.277421265841
1463676066162149726,6.91666650772,-10.2721042633,1.0130546093,-6.30437612534,0.113869175315,0.0,-0.277421265841
1463676066195523438,6.94999980927,-10.4764432907,1.0147356987,-5.95595788956,-0.0130080841482,0.0,-0.277421265841
1463676066228938294,6.98333311081,-10.6700220108,1.01467204094,-5.65874958038,0.00919256731868,0.0,-0.277421265841
1463676066262845025,7.01666688919,-10.8531904221,1.01485085487,-5.33134126663,0.00153679260984,0.0,-0.277421265841
1463676066295537477,7.05000019073,-11.0253429413,1.01492786407,-4.99782037735,0.00307754892856,0.0,-0.277421265841
1463676066327640276,7.08333349228,-11.1864109039,1.01500475407,-4.6662569046,0.00154075119644,13.1926679611,-0.277421265841
1463676066361843153,7.11666679382,-11.336640358,1.01485896111,-4.34754705429,-0.0102920457721,13.1926679611,-0.277421265841
1463676066395914238,7.15000009537,-11.4758386612,1.01606583595,-4.00432443619,0.0827093496919,13.1926679611,-0.277421265841
1463676066428872254,7.18333339691,-11.601776123,1.02416813374,-3.5519156456,0.4034281075,13.1926679611,-0.277421265841
1463676066462281429,7.21666669846,-11.7165641785,1.0363702774,-3.33539676666,0.328700751066,13.1926679611,-0.277421265841
1463676066537410861,7.25,-11.8261461258,1.04394173622,-3.23947453499,0.125582545996,13.1926679611,-0.277421265841
1463676066541231604,7.28333330154,-11.933672905,1.04414868355,-3.21213889122,-0.113167345524,0.0,-0.277421265841
1463676066563693198,7.31666660309,-12.0399560928,1.0376547575,-3.16489624977,-0.276462584734,0.0,-0.277421265841
1463676066595656514,7.34999990463,-12.152551651,1.01760208607,-3.59083676338,-0.926700770855,0.0,-0.277421265841
1463676066627764788,7.38333320618,-12.2700386047,0.986945271492,-3.45836544037,-0.91270595789,0.0,-0.277421265841
1463676066662793422,7.41666650772,-12.3757534027,0.964915156364,-2.884516716,-0.409104019403,0.0,-0.277421265841
1463676066706714401,7.44999980927,-12.4675683975,0.954786837101,-2.62438464165,-0.198593094945,0.0,-0.277421265841
1463676066735796353,7.48333311081,-12.5505218506,0.952318370342,-2.35281634331,0.0504843145609,0.0,-0.277421265841
1463676066761476325,7.51666688919,-12.6254262924,0.957580626011,-2.14146852493,0.26525041461,0.0,-0.277421265841
1463676066794679065,7.55000019073,-12.6953315735,0.968361437321,-2.05284547806,0.381597578526,0.0,-0.277421265841
1463676066829556911,7.58333349228,-12.7423973083,1.00354969501,-0.77110350132,1.72970104218,0.0,-0.277421265841
1463676066862110115,7.61666679382,-12.7839870453,1.04606592655,-1.72424566746,0.821269929409,0.0,-0.277421265841
1463676066895556004,7.65000009537,-12.831905365,1.08460724354,-1.1508859396,1.49121010303,0.0,-0.277421265841
1463676066939521087,7.68333339691,-12.8394002914,1.16800868511,0.701191484928,3.5128736496,0.0,-0.277421265841
1463676066962330116,7.71666669846,-12.8740739822,1.22655653954,-2.78160047531,0.0,0.0,-0.277421265841
1463676066995289717,7.75,-12.9229793549,1.27515852451,-0.152695924044,2.91612029076,0.0,-0.277421265841
1463676067028972246,7.78333330154,-12.954615593,1.34606385231,-1.7454816103,1.33820152283,0.0,-0.277421265841
1463676067062555141,7.81666660309,-13.0211238861,1.3839315176,-2.24502086639,0.933858931065,0.0,-0.277421265841
1463676067107000795,7.84999990463,-13.0812072754,1.43463718891,-1.35998106003,2.10848069191,0.0,-0.277421265841
1463676067135620108,7.88333320618,-13.138425827,1.49428927898,-2.07316732407,1.47064220905,0.0,-0.277421265841
1463676067161636688,7.91666650772,-13.2289562225,1.52096807957,-3.35861134529,0.130087435246,0.0,-0.277421265841
1463676067194986215,7.94999980927,-13.3505954742,1.51709151268,-3.9397559166,-0.362680584192,0.0,-0.277421265841
1463676067228045512,7.98333311081,-13.4878368378,1.50207042694,-4.2947268486,-0.538583695889,0.0,-0.277421265841
1463676067261712111,8.01666641235,-13.6332988739,1.48800337315,-4.43302965164,-0.305442541838,0.0,-0.277421265841
1463676067320356162,8.05000019073,-13.790140152,1.46762621403,-4.97744941711,-0.917190670967,0.0,-0.277421265841
1463676067339031767,8.08333301544,-13.9571523666,1.4523396492,-5.04326820374,0.0,0.0,-0.277421265841
1463676067361972883,8.11666679382,-14.1323404312,1.43332493305,-5.4679889679,-1.1408854723,0.0,-0.277421265841
1463676067395482652,8.14999961853,-14.31939888,1.39021897316,-5.75555801392,-1.4454716444,0.0,-0.277421265841
1463676067429362011,8.18333339691,-14.5203542709,1.35684108734,-6.30176115036,-0.557201802731,0.0,-0.277421265841
1463676067461957448,8.21666622162,-14.7323875427,1.3327101469,-6.42022037506,-0.89065527916,0.0,-0.277421265841
1463676067528481512,8.25,-14.9481458664,1.29965209961,-6.52524900436,-1.09282124043,0.0,-0.277421265841
1463676067538001965,8.28333377838,-15.1509132385,1.24080574512,-5.64080905914,-2.43796110153,0.0,-0.277421265841
1463676067560918997,8.31666660309,-15.3677043915,1.18920409679,-7.36665964127,-0.658136665821,0.0,-0.277421265841
1463676067595649433,8.35000038147,-15.6047801971,1.15761446953,-6.85790967941,-1.23724365234,0.0,-0.277421265841
1463676067628082444,8.38333320618,-15.8333778381,1.11662220955,-6.85793113708,-1.22229123116,0.0,-0.277421265841
1463676067661983601,8.41666698456,-16.0633811951,1.07883095741,-6.94228696823,-1.04518306255,0.0,-0.277421265841
1463676067720036522,8.44999980927,-16.2911376953,1.04283964634,-6.72304677963,-1.11429834366,10.6690340042,-0.277421265841
1463676067728795110,8.48333358765,-16.5182495117,1.01433050632,-6.90372848511,-0.596249878407,10.6690340042,-0.277421265841
1463676067761503247,8.51666641235,-16.7447280884,0.995859920979,-6.68497991562,-0.511984527111,10.6690340042,-0.277421265841
1463676067795111281,8.55000019073,-16.9622306824,0.978244483471,-6.36519908905,-0.54494291544,10.6690340042,-0.277421265841
1463676067829784995,8.58333301544,-17.1691741943,0.96117401123,-6.05143451691,-0.479285895824,10.6690340042,-0.277421265841
1463676067865512420,8.61666679382,-17.365316391,0.945629179478,-5.71702241898,-0.453401297331,10.6690340042,-0.277421265841
1463676067940807589,8.64999961853,-17.5499324799,0.933068811893,-5.36001825333,-0.30022034049,0.0,-0.277421265841
1463676067949715677,8.68333339691,-17.7242832184,0.920500278473,-5.1009683609,-0.453892141581,0.0,-0.277421265841
1463676067961435131,8.71666622162,-17.8856506348,0.912935435772,-4.58107280731,0.0,0.0,-0.277421265841
1463676067994831832,8.75,-18.0382900238,0.906177639961,-4.57734251022,-0.405465751886,0.0,-0.277421265841
1463676068028985623,8.78333377838,-18.1879062653,0.891572654247,-4.39962911606,-0.470835745335,0.0,-0.277421265841
1463676068061352994,8.81666660309,-18.3341464996,0.872613072395,-4.3747625351,-0.666739284992,0.0,-0.277421265841
1463676068135257182,8.85000038147,-18.4832801819,0.844043433666,-4.57327699661,-1.0474370718,0.0,-0.277421265841
1463676068138862874,8.88333320618,-18.62225914,0.821371555328,-3.76545333862,-0.312875121832,0.0,-0.277421265841
1463676068161386135,8.91666698456,-18.743188858,0.814569175243,-3.49032568932,-0.0952707827091,0.0,-0.277421265841
1463676068194523350,8.94999980927,-18.8576126099,0.812951505184,-3.37512803078,-0.00178808823694,0.0,-0.277421265841
1463676068229740396,8.98333358765,-18.968132019,0.815133035183,-3.25597167015,0.13268147409,0.0,-0.277421265841
1463676068262449397,9.01666641235,-19.0779781342,0.819082081318,-3.33481097221,0.10426158458,0.0,-0.277421265841
1463676068328078025,9.05000019073,-19.1808872223,0.832626640797,-2.83974289894,0.708410024643,0.0,-0.277421265841
1463676068332628314,9.08333301544,-19.2577381134,0.877469241619,-1.77132093906,1.98214757442,0.0,-0.277421265841
1463676068362128401,9.11666679382,-19.3337154388,0.927351295948,-2.78729462624,1.01077377796,0.0,-0.277421265841
1463676068395163537,9.14999961853,-19.4295845032,0.960718333721,-2.96483612061,0.991249918938,0.0,-0.277421265841
1463676068429530463,9.18333339691,-19.5127086639,1.01703763008,-2.02265048027,2.38790488243,0.0,-0.277421265841
1463676068462512603,9.21666622162,-19.6002311707,1.07491564751,-3.22865486145,1.08477938175,0.0,-0.277421265841
1463676068526249341,9.25,-19.7179393768,1.10206615925,-3.8338329792,0.544247806072,0.0,-0.277421265841
1463676068554211762,9.28333377838,-19.8513793945,1.11788642406,-4.17258214951,0.404967457056,0.0,-0.277421265841
1463676068560840093,9.31666660309,-19.9983596802,1.12463581562,-4.64619398117,0.0,0.0,-0.277421265841
1463676068594565507,9.35000038147,-20.1585540771,1.12362718582,-4.96550512314,-0.0605195015669,0.0,-0.277421265841
1463676068628193590,9.38333320618,-20.3290233612,1.12299180031,-5.26265668869,0.0223998650908,0.0,-0.277421265841
1463676068661322271,9.41666698456,-20.509721756,1.12269604206,-5.57924556732,-0.0401454009116,0.0,-0.277421265841
1463676068725865473,9.44999980927,-20.6995944977,1.114382267,-5.81316423416,-0.458686947823,0.0,-0.277421265841
1463676068747788874,9.48333358765,-20.8977127075,1.09768474102,-6.0738658905,-0.543162584305,0.0,-0.277421265841
1463676068760456207,9.51666641235,-21.1094875336,1.08863198757,-6.63260936737,0.0,0.0,-0.277421265841
1463676068794575753,9.55000019073,-21.3263702393,1.07780659199,-6.380423069,-0.649523794651,0.0,-0.277421265841
1463676068827787562,9.58333301544,-21.5479221344,1.06344807148,-6.91266679764,-0.211990773678,0.0,-0.277421265841
1463676068861553212,9.61666679382,-21.7788200378,1.05525672436,-6.9412522316,-0.279490441084,0.0,-0.277421265841
1463676068926117141,9.64999961853,-22.0063838959,1.04178667068,-6.71250629425,-0.52871119976,0.0,-0.277421265841
1463676068930493684,9.68333339691,-22.2307987213,1.02570676804,-6.7524356842,-0.436079502106,0.0,-0.277421265841
1463676068961096741,9.71666622162,-22.4571342468,1.01467955112,-6.82771158218,-0.225558802485,0.0,-0.277421265841
1463676068994633931,9.75,-22.6768321991,1.00148665905,-6.35406827927,-0.566011548042,0.0,-0.277421265841
1463676069032659563,9.78333377838,-22.8852558136,0.983519673347,-6.15139245987,-0.512007892132,0.0,-0.277421265841
1463676069062669110,9.81666660309,-23.0855731964,0.966402411461,-5.86761569977,-0.515027463436,0.0,-0.277421265841
1463676069115165439,9.85000038147,-23.2723140717,0.939335227013,-5.3368806839,-1.10900342464,0.0,-0.277421265841
1463676069127645040,9.88333320618,-23.446105957,0.909105956554,-5.09064817429,-0.704752147198,0.0,-0.277421265841
1463676069162387304,9.91666698456,-23.6103153229,0.888121008873,-4.76191949844,-0.55434525013,0.0,-0.277421265841
1463676069194572560,9.94999980927,-23.7645835876,0.861421406269,-4.49419403076,-1.04763114452,0.0,-0.277421265841
1463676069228403933,9.98333358765,-23.9076004028,0.831760704517,-4.08679628372,-0.7320099473,0.0,-0.277421265841
1463676069262654244,10.0166664124,-24.0378704071,0.80951499939,-3.72934412956,-0.602733194828,0.0,-0.277421265841
