%time,field.header.seq,field.header.stamp,field.header.frame_id,field.point.x,field.point.y,field.point.z
1463675716794657192,1,1463675716794286966,trep_world,0.0,-3.17798449688,-0.999998809896
1463675716828129521,2,1463675716827641010,trep_world,0.0,-3.17791551629,-0.999917397951
1463675716861356547,3,1463675716860375881,trep_world,0.0,-3.17766810904,-0.999603418996
1463675716912791907,4,1463675716912287950,trep_world,0.0,-3.17707560674,-0.999020178505
1463675716928687978,5,1463675716927443027,trep_world,0.0,-3.17600994695,-0.99850863539
1463675716963218531,6,1463675716962405920,trep_world,0.0,-3.17441234076,-0.998568531789
1463675716996709834,7,1463675716994229078,trep_world,0.0,-3.17225114543,-0.998759954715
1463675717029696282,8,1463675717028656005,trep_world,0.0,-3.1694990489,-0.998538746947
1463675717062168982,9,1463675717061697959,trep_world,0.0,-3.16611841465,-0.998014292606
1463675717125144633,10,1463675717095006942,trep_world,0.0,-3.16205403976,-0.997610445854
1463675717133995604,11,1463675717133063077,trep_world,0.0,-3.15702140794,-0.995527277417
1463675717161709632,12,1463675717160582065,trep_world,0.0,-3.15062100587,-0.990801122283
1463675717195500873,13,1463675717194730043,trep_world,0.0,-3.14173547722,-0.980431025354
1463675717229295289,14,1463675717228616952,trep_world,0.0,-3.12993090775,-0.965282134073
1463675717262429806,15,1463675717261384010,trep_world,0.0,-3.11382483796,-0.946417204788
1463675717295664580,16,1463675717295073032,trep_world,0.0,-3.09015365288,-0.916284680081
1463675717327464834,17,1463675717327249050,trep_world,0.0,-3.05750412845,-0.877094734742
1463675717361993118,18,1463675717360503911,trep_world,0.0,-2.99643966648,-0.800139627144
1463675717394725880,19,1463675717394248962,trep_world,0.0,-2.91098196117,-0.693273596674
1463675717428502156,20,1463675717428071975,trep_world,0.0,-2.81713759113,-0.592110167153
1463675717462940922,21,1463675717461807012,trep_world,0.0,-2.69818713142,-0.483271138513
1463675717521407877,22,1463675717496862888,trep_world,0.0,-2.52918484601,-0.360123220349
1463675717527158281,23,1463675717526923894,trep_world,0.0,-2.3363253114,-0.23403641454
1463675717562597200,24,1463675717561666011,trep_world,0.0,-2.15190460464,-0.122873172453
1463675717594639841,25,1463675717594137907,trep_world,0.0,-1.882466906,-0.0158657013838
1463675717628032963,26,1463675717627688884,trep_world,0.0,-1.63342692432,0.0889007263488
1463675717664016975,27,1463675717662398099,trep_world,0.0,-1.45219804986,0.182213154349
1463675717726275303,28,1463675717724936962,trep_world,0.0,-1.20342910295,0.251427334151
1463675717731317517,29,1463675717731059074,trep_world,0.0,-0.980208901081,0.319400583606
1463675717762619018,30,1463675717761023044,trep_world,0.0,-0.841638464083,0.402889546059
1463675717795031200,31,1463675717794198036,trep_world,0.0,-0.687204149713,0.465150365408
1463675717828485624,32,1463675717827924966,trep_world,0.0,-0.537800016401,0.521175370424
1463675717862117667,33,1463675717861670017,trep_world,0.0,-0.439914405897,0.596167035006
1463675717927997982,34,1463675717894248962,trep_world,0.0,-0.35444714386,0.668449503229
1463675717932100167,35,1463675717931205987,trep_world,0.0,-0.273786241949,0.734293175518
1463675717964651739,36,1463675717961968898,trep_world,0.0,-0.197081277103,0.792879418441
1463675717996089007,37,1463675717995299100,trep_world,0.0,-0.121959387454,0.842586256971
1463675718028396881,38,1463675718027929067,trep_world,0.0,-0.0496981662329,0.885602982608
1463675718062150581,39,1463675718061695098,trep_world,0.0,0.0201531590734,0.922027997394
1463675718131289555,40,1463675718130855083,trep_world,0.0,0.0881317409923,0.951616247893
1463675718135297141,41,1463675718135066032,trep_world,0.0,0.154397310458,0.975361608357
1463675718161534874,42,1463675718161068916,trep_world,0.0,0.219831458042,0.990500407974
1463675718196286686,43,1463675718194272041,trep_world,0.0,0.284732129279,0.998169276038
1463675718228751644,44,1463675718227705001,trep_world,0.0,0.349247650805,0.999166426676
1463675718261950574,45,1463675718260936021,trep_world,0.0,0.413675821083,0.989400692662
1463675718335029418,46,1463675718332496881,trep_world,0.0,0.478817295783,0.974764228958
1463675718337757763,47,1463675718337366104,trep_world,0.0,0.545569299226,0.957036190498
1463675718361574683,48,1463675718361105918,trep_world,0.0,0.614387677062,0.935642148833
1463675718395693548,49,1463675718394175052,trep_world,0.0,0.686858737861,0.91311097577
1463675718428343602,50,1463675718427869081,trep_world,0.0,0.763860385266,0.890245629288
1463675718463593060,51,1463675718461036920,trep_world,0.0,0.846023368108,0.866631858758
1463675718523467825,52,1463675718494390964,trep_world,0.0,0.940348565613,0.852967091352
1463675718528711491,53,1463675718528107881,trep_world,0.0,1.04330995234,0.842743456902
1463675718562634993,54,1463675718561597108,trep_world,0.0,1.14639131308,0.821795874421
1463675718595454556,55,1463675718594780921,trep_world,0.0,1.24603290744,0.785409099957
1463675718628937013,56,1463675718628501892,trep_world,0.0,1.34708873135,0.739027664864
1463675718663607599,57,1463675718661356925,trep_world,0.0,1.44380352276,0.678396413634
1463675718694871004,58,1463675718694320917,trep_world,0.0,1.52182896427,0.589260154284
1463675718729057866,59,1463675718727983951,trep_world,0.0,1.58918621429,0.481221245425
1463675718762265336,60,1463675718761431932,trep_world,0.0,1.64650035302,0.357322646209
1463675718794993956,61,1463675718794301986,trep_world,0.0,1.68593446464,0.216211024385
1463675718828867289,62,1463675718828193902,trep_world,0.0,1.70233391063,0.0594232191989
1463675718861866202,63,1463675718861198902,trep_world,0.0,1.69552048068,-0.109452309062
1463675718929280837,64,1463675718894573926,trep_world,0.0,1.65733302809,-0.284635709008
1463675718938039967,65,1463675718936911106,trep_world,0.0,1.57923833091,-0.458454569943
1463675718962879693,66,1463675718961524009,trep_world,0.0,1.46466400041,-0.624089089316
1463675718995199499,67,1463675718994335889,trep_world,0.0,1.31634313033,-0.772784460307
1463675719030940955,68,1463675719028124094,trep_world,0.0,1.1355583244,-0.891495261759
1463675719061956577,69,1463675719061513900,trep_world,0.0,0.928931238967,-0.969048153346
1463675719096099684,70,1463675719095279932,trep_world,0.0,0.707988270563,-0.999633683468
1463675719133721284,71,1463675719131165981,trep_world,0.0,0.485793094138,-0.980989207719
1463675719163703913,72,1463675719160928964,trep_world,0.0,0.275257189157,-0.915480740712
1463675719194767975,73,1463675719194359064,trep_world,0.0,0.087645741262,-0.809305735318
1463675719230074076,74,1463675719228548049,trep_world,0.0,-0.0683546968386,-0.67067973527
1463675719261436161,75,1463675719261077880,trep_world,0.0,-0.188445681088,-0.510455591059
1463675719323676952,76,1463675719323451042,trep_world,0.0,-0.271629978249,-0.339335607084
1463675719329576963,77,1463675719329015970,trep_world,0.0,-0.320575963617,-0.166642221493
1463675719362069400,78,1463675719360908031,trep_world,0.0,-0.339625595742,7.41060895825e-05
1463675719397078816,79,1463675719394226074,trep_world,0.0,-0.334110421507,0.155959339889
1463675719429401466,80,1463675719427980899,trep_world,0.0,-0.311369901199,0.298213071764
1463675719463036944,81,1463675719462054967,trep_world,0.0,-0.277669013389,0.426120156394
1463675719529785613,82,1463675719528935909,trep_world,0.0,-0.237578441126,0.53999621643
1463675719534180775,83,1463675719533677101,trep_world,0.0,-0.192286295356,0.639341826139
1463675719561600006,84,1463675719561126947,trep_world,0.0,-0.142115447451,0.723500414538
1463675719595342633,85,1463675719594384908,trep_world,0.0,-0.0879361624133,0.792267339832
1463675719629501655,86,1463675719627646923,trep_world,0.0,-0.0323223860802,0.848247580877
1463675719662781601,87,1463675719660950899,trep_world,0.0,0.0230779815016,0.893288878546
1463675719727310846,88,1463675719725439071,trep_world,0.0,0.0778879567694,0.928388674728
1463675719731262101,89,1463675719730820894,trep_world,0.0,0.132157920863,0.95332754143
1463675719761998484,90,1463675719761524915,trep_world,0.0,0.185134573853,0.971453177792
1463675719795588793,91,1463675719794538021,trep_world,0.0,0.236126300723,0.986395533994
1463675719829145026,92,1463675719828176975,trep_world,0.0,0.285956075284,0.996455209528
1463675719862919968,93,1463675719862308979,trep_world,0.0,0.335272224115,0.999998619221
1463675719951598747,94,1463675719951329946,trep_world,0.0,0.384473815976,0.998121472743
1463675719962208150,95,1463675719958687067,trep_world,0.0,0.434230836195,0.996242345571
1463675719968346681,96,1463675719965692043,trep_world,0.0,0.48491953359,0.994870023047
1463675719994789981,97,1463675719994286060,trep_world,0.0,0.536591017631,0.992377637492
1463675720028088141,98,1463675720027612924,trep_world,0.0,0.589717525338,0.990931303508
1463675720061547846,99,1463675720060992956,trep_world,0.0,0.644515715129,0.991141148006
1463675720094616624,100,1463675720094240903,trep_world,0.0,0.700823265467,0.991718566165
1463675720134297513,101,1463675720133795022,trep_world,0.0,0.758862078383,0.995099579766
1463675720162679833,102,1463675720161534070,trep_world,0.0,0.818024965554,0.996765852642
1463675720195020293,103,1463675720194247007,trep_world,0.0,0.877838378394,0.994270494222
1463675720229231940,104,1463675720228744983,trep_world,0.0,0.938539713467,0.989368409488
1463675720262755973,105,1463675720261127948,trep_world,0.0,1.00048761477,0.982469238356
1463675720328387635,106,1463675720314402103,trep_world,0.0,1.06453076715,0.97585319965
1463675720334204793,107,1463675720333440065,trep_world,0.0,1.13141321694,0.97137329055
1463675720362924386,108,1463675720362325906,trep_world,0.0,1.19924991994,0.960239672559
1463675720396065574,109,1463675720394336938,trep_world,0.0,1.27205789093,0.952926913861
1463675720428445218,110,1463675720427850008,trep_world,0.0,1.35078882297,0.952870846375
1463675720462043448,111,1463675720461182117,trep_world,0.0,1.4306524125,0.945249260637
1463675720518952705,112,1463675720494690895,trep_world,0.0,1.51428111452,0.937607049403
1463675720563886770,113,1463675720561788082,trep_world,0.0,1.60140032834,0.928708254453
1463675720570573970,114,1463675720569617033,trep_world,0.0,1.69850590043,0.933242538605
1463675720594938737,115,1463675720594486951,trep_world,0.0,1.80264480442,0.942768872023
1463675720628613137,116,1463675720628161907,trep_world,0.0,1.90478387215,0.935400035514
1463675720663602174,117,1463675720661990880,trep_world,0.0,2.01088786348,0.926931058663
1463675720719799132,118,1463675720719151020,trep_world,0.0,2.12759843467,0.933963497527
1463675720727368586,119,1463675720727113962,trep_world,0.0,2.24687168998,0.935115893406
1463675720761654614,120,1463675720760895013,trep_world,0.0,2.3627320881,0.915729281097
1463675720794927810,121,1463675720794199943,trep_world,0.0,2.48329883936,0.895308891106
1463675720829618882,122,1463675720827967882,trep_world,0.0,2.60578222792,0.868774673827
1463675720862080186,123,1463675720861639976,trep_world,0.0,2.72194734353,0.820024423167
1463675720928619457,124,1463675720928072929,trep_world,0.0,2.83598679623,0.757128227064
1463675720935533272,125,1463675720934851884,trep_world,0.0,2.94384218579,0.677259070207
1463675720964850771,126,1463675720960931062,trep_world,0.0,3.03532909976,0.571787693305
1463675720994688186,127,1463675720994296073,trep_world,0.0,3.10840378927,0.442670658895
1463675721027967673,128,1463675721027594089,trep_world,0.0,3.16770877236,0.295691262788
1463675721063634823,129,1463675721061815977,trep_world,0.0,3.20441771514,0.132255443519
1463675721123474393,130,1463675721116769075,trep_world,0.0,3.20386321782,-0.0467295733769
1463675721139168448,131,1463675721137952089,trep_world,0.0,3.1746670252,-0.235807662845
1463675721162994757,132,1463675721161951065,trep_world,0.0,3.11098867139,-0.425434304063
1463675721196137787,133,1463675721194351911,trep_world,0.0,3.00012042532,-0.603281814228
1463675721229870458,134,1463675721228729963,trep_world,0.0,2.84767880281,-0.760159264563
1463675721263896514,135,1463675721261131048,trep_world,0.0,2.66097151664,-0.8870634678
1463675721315541418,136,1463675721294344902,trep_world,0.0,2.44646198643,-0.969016002116
1463675721328478414,137,1463675721327794075,trep_world,0.0,2.21631376263,-0.999868251491
1463675721361525530,138,1463675721360954046,trep_world,0.0,1.98537032187,-0.977735319569
1463675721394656636,139,1463675721394143104,trep_world,0.0,1.7673320295,-0.908822478787
1463675721428773746,140,1463675721427957057,trep_world,0.0,1.56819722664,-0.806290259172
1463675721461429243,141,1463675721461020946,trep_world,0.0,1.39178987285,-0.685678078499
1463675721518645838,142,1463675721494550943,trep_world,0.0,1.24158747934,-0.550127647018
1463675721527713552,143,1463675721527463912,trep_world,0.0,1.11934754445,-0.408276464336
1463675721562391320,144,1463675721561060905,trep_world,0.0,1.00541050686,-0.270905604552
1463675721595364547,145,1463675721594295978,trep_world,0.0,0.903536125918,-0.143801995449
1463675721629413389,146,1463675721627809047,trep_world,0.0,0.839287949625,-0.0215419693448
1463675721663394449,147,1463675721661329984,trep_world,0.0,0.785173004712,0.0907985883873
1463675721707429059,148,1463675721694216966,trep_world,0.0,0.715294241429,0.194051854121
1463675721731234782,149,1463675721730918884,trep_world,0.0,0.640519234749,0.286137679303
1463675721761681616,150,1463675721760931015,trep_world,0.0,0.568244941985,0.367032928476
1463675721794801248,151,1463675721794169902,trep_world,0.0,0.454027799116,0.455025049867
1463675721828494731,152,1463675721828003883,trep_world,0.0,0.334072838759,0.530325115928
1463675721861791918,153,1463675721861138105,trep_world,0.0,0.240710607952,0.57917257319
1463675721894718022,154,1463675721894279003,trep_world,0.0,0.144080627922,0.619317488595
1463675721952248727,155,1463675721952064037,trep_world,0.0,0.000694408020521,0.687180825634
1463675721961562150,156,1463675721960488080,trep_world,0.0,-0.11860579811,0.70711922166
1463675721995410713,157,1463675721994923114,trep_world,0.0,-0.238621196567,0.706522566666
1463675722030077281,158,1463675722028151988,trep_world,0.0,-0.407788660902,0.738075306385
1463675722063184511,159,1463675722061569929,trep_world,0.0,-0.567315974806,0.748305826877
1463675722122659415,160,1463675722122407913,trep_world,0.0,-0.73506390351,0.75683573145
1463675722127252760,161,1463675722127078056,trep_world,0.0,-0.910175211473,0.762967998815
1463675722163493163,162,1463675722162689924,trep_world,0.0,-1.09377521773,0.768194928045
1463675722195074307,163,1463675722194210052,trep_world,0.0,-1.28859435693,0.77599405848
1463675722228348796,164,1463675722227698087,trep_world,0.0,-1.46660810043,0.751575824859
1463675722261800589,165,1463675722260874032,trep_world,0.0,-1.64001612633,0.70622623708
1463675722317626421,166,1463675722294349908,trep_world,0.0,-1.81444842952,0.652864958922
1463675722347464280,167,1463675722347210884,trep_world,0.0,-1.96349038037,0.565080943472
1463675722363569409,168,1463675722361701965,trep_world,0.0,-2.07474962772,0.443312106743
1463675722394990555,169,1463675722394294023,trep_world,0.0,-2.15956984213,0.292786308201
1463675722428327884,170,1463675722427894115,trep_world,0.0,-2.24186348462,0.1331398297
1463675722461672599,171,1463675722460985898,trep_world,0.0,-2.28601266573,-0.0415035678359
1463675722525946696,172,1463675722523703098,trep_world,0.0,-2.29095435081,-0.225852293845
1463675722530973870,173,1463675722530109882,trep_world,0.0,-2.25186793438,-0.40916780509
1463675722562025848,174,1463675722561237096,trep_world,0.0,-2.16770720218,-0.583830813063
1463675722594710092,175,1463675722594168901,trep_world,0.0,-2.0465628035,-0.741602846969
1463675722628708802,176,1463675722628002882,trep_world,0.0,-1.88720847243,-0.866578242845
1463675722661509352,177,1463675722661079883,trep_world,0.0,-1.69895308721,-0.952298083559
1463675722714535129,178,1463675722694289922,trep_world,0.0,-1.49416102865,-0.99570972069
1463675722748933753,179,1463675722748733043,trep_world,0.0,-1.28443059782,-0.991876619958
1463675722761864016,180,1463675722760245084,trep_world,0.0,-1.08206135917,-0.942283867472
1463675722794610497,181,1463675722794190883,trep_world,0.0,-0.89948849868,-0.850232699809
1463675722828181551,182,1463675722827054977,trep_world,0.0,-0.746402133466,-0.720527958284
1463675722861983880,183,1463675722861574888,trep_world,0.0,-0.625830243308,-0.568254690735
1463675722913592265,184,1463675722912920951,trep_world,0.0,-0.542308483968,-0.401607221029
1463675722927629815,185,1463675722927336931,trep_world,0.0,-0.49187361368,-0.230831415125
1463675722961588361,186,1463675722961019992,trep_world,0.0,-0.471391698267,-0.0644058646251
1463675722994957567,187,1463675722994235992,trep_world,0.0,-0.478100312977,0.0931460821296
1463675723028167615,188,1463675723027738094,trep_world,0.0,-0.503598040486,0.237933192182
1463675723061357117,189,1463675723060905933,trep_world,0.0,-0.544153677063,0.368003648916
1463675723112979580,190,1463675723094320058,trep_world,0.0,-0.595118068911,0.48301738005
1463675723141960976,191,1463675723141772985,trep_world,0.0,-0.643927204943,0.58887808463
1463675723161426234,192,1463675723160507917,trep_world,0.0,-0.699766939984,0.676695131681
1463675723195023853,193,1463675723194298028,trep_world,0.0,-0.759116900225,0.751879815268
1463675723227937469,194,1463675723227550983,trep_world,0.0,-0.813780146532,0.820048733489
1463675723262480374,195,1463675723260994911,trep_world,0.0,-0.871355833847,0.872955510292
1463675723328539370,196,1463675723328104972,trep_world,0.0,-0.928912981081,0.914950156096
1463675723334759508,197,1463675723334430932,trep_world,0.0,-0.986826399233,0.944279492271
1463675723360686991,198,1463675723360297918,trep_world,0.0,-1.04462454083,0.963061569592
1463675723396888574,199,1463675723395461082,trep_world,0.0,-1.10073622707,0.976618927708
1463675723429446702,200,1463675723429044961,trep_world,0.0,-1.15532723934,0.985710349968
1463675723462905912,201,1463675723462362051,trep_world,0.0,-1.20865009527,0.990780068918
1463675723495046740,202,1463675723494649887,trep_world,0.0,-1.26120140951,0.989557014575
1463675723531280544,203,1463675723530970096,trep_world,0.0,-1.31239831319,0.985681379991
1463675723561541921,204,1463675723560771942,trep_world,0.0,-1.3616171604,0.982899929938
1463675723594636067,205,1463675723594213962,trep_world,0.0,-1.40888357428,0.979586684751
1463675723628793366,206,1463675723627609968,trep_world,0.0,-1.45332221631,0.979371093551
1463675723661247778,207,1463675723660906076,trep_world,0.0,-1.49628767165,0.975099891535
1463675723728310094,208,1463675723694649934,trep_world,0.0,-1.53722571299,0.967827894434
1463675723735874733,209,1463675723735028028,trep_world,0.0,-1.57443645154,0.964414663197
1463675723762312721,210,1463675723761578083,trep_world,0.0,-1.60711254256,0.966647142065
1463675723795758246,211,1463675723794373035,trep_world,0.0,-1.63713995448,0.967081308311
1463675723828520879,212,1463675723828048944,trep_world,0.0,-1.66567589375,0.961696882097
1463675723862447246,213,1463675723860969066,trep_world,0.0,-1.69039753992,0.958979976168
1463675723918814919,214,1463675723917994022,trep_world,0.0,-1.71149773358,0.957697206382
1463675723928385685,215,1463675723927643060,trep_world,0.0,-1.72870133873,0.958525110374
1463675723961768730,216,1463675723961287975,trep_world,0.0,-1.74213260341,0.961118138461
1463675723995499701,217,1463675723995059013,trep_world,0.0,-1.75242768112,0.963667863363
1463675724028854275,218,1463675724028204917,trep_world,0.0,-1.75966545166,0.966297320744
1463675724062954177,219,1463675724062424898,trep_world,0.0,-1.76399178751,0.96888164677
1463675724134928142,220,1463675724134497880,trep_world,0.0,-1.76536435525,0.972093344855
1463675724138817940,221,1463675724138171911,trep_world,0.0,-1.76407160435,0.975296427768
1463675724161740937,222,1463675724160979986,trep_world,0.0,-1.76052242246,0.977449324829
1463675724195653006,223,1463675724194854974,trep_world,0.0,-1.75479980175,0.97865465769
1463675724230303308,224,1463675724228454113,trep_world,0.0,-1.74706538086,0.978459912278
1463675724264041150,225,1463675724261508941,trep_world,0.0,-1.73714198531,0.977724918441
1463675724325308896,226,1463675724321629047,trep_world,0.0,-1.72473828882,0.977685938702
1463675724328417721,227,1463675724328167915,trep_world,0.0,-1.71007232404,0.977261356425
1463675724362505018,228,1463675724361799001,trep_world,0.0,-1.69321555931,0.976017766148
1463675724395135223,229,1463675724393960952,trep_world,0.0,-1.67395445944,0.974700258371
1463675724428120649,230,1463675724427671909,trep_world,0.0,-1.65263115177,0.971510015044
1463675724461384378,231,1463675724460863113,trep_world,0.0,-1.62874915362,0.967854338957
1463675724532615223,232,1463675724524380922,trep_world,0.0,-1.6013674458,0.966910881167
1463675724537103437,233,1463675724536151885,trep_world,0.0,-1.57078042286,0.967255745056
1463675724562619691,234,1463675724561491012,trep_world,0.0,-1.53723507999,0.967972826385
1463675724596417500,235,1463675724595470905,trep_world,0.0,-1.49982943819,0.97276965433
1463675724628946971,236,1463675724628516912,trep_world,0.0,-1.45919493171,0.979775520468
1463675724662353311,237,1463675724661834955,trep_world,0.0,-1.4163821822,0.98646002566
1463675724720371869,238,1463675724718898057,trep_world,0.0,-1.37145131194,0.995247771169
1463675724727897011,239,1463675724727490901,trep_world,0.0,-1.32557574948,0.999645954138
1463675724763290201,240,1463675724762487888,trep_world,0.0,-1.27936063902,0.999966363255
1463675724796098707,241,1463675724794436931,trep_world,0.0,-1.23323610443,0.997506106668
1463675724829172940,242,1463675724828622102,trep_world,0.0,-1.18789537634,0.991642518635
1463675724862821805,243,1463675724862320899,trep_world,0.0,-1.14406231284,0.98838263022
1463675724921205044,244,1463675724920592069,trep_world,0.0,-1.10133592063,0.981429639883
1463675724954459605,245,1463675724953445911,trep_world,0.0,-1.06082700043,0.97487013539
1463675724961773012,246,1463675724961203098,trep_world,0.0,-1.02464663251,0.976668026398
1463675724995850991,247,1463675724994333982,trep_world,0.0,-0.992093520116,0.983627922165
1463675725028589641,248,1463675725028117895,trep_world,0.0,-0.961405722497,0.989535934237
1463675725062157459,249,1463675725061011075,trep_world,0.0,-0.932170067772,0.994054730597
1463675725123251838,250,1463675725094366073,trep_world,0.0,-0.904078060955,0.997744220842
1463675725128217127,251,1463675725127484083,trep_world,0.0,-0.876691280056,0.999893353893
1463675725160979784,252,1463675725160470008,trep_world,0.0,-0.849498637901,0.998624783129
1463675725194929039,253,1463675725194391965,trep_world,0.0,-0.822086214543,0.992226249342
1463675725229168302,254,1463675725227977037,trep_world,0.0,-0.793933009159,0.981940457671
1463675725262674111,255,1463675725261287927,trep_world,0.0,-0.764608315586,0.967470032326
1463675725324519906,256,1463675725323873043,trep_world,0.0,-0.735644499428,0.941878951124
1463675725328094532,257,1463675725327744960,trep_world,0.0,-0.704431701046,0.909669481184
1463675725361410023,258,1463675725361011028,trep_world,0.0,-0.667529287451,0.880181424938
1463675725395089373,259,1463675725394323110,trep_world,0.0,-0.626075336966,0.848171586481
1463675725428392292,260,1463675725427690029,trep_world,0.0,-0.576230148321,0.818837086967
1463675725461527357,261,1463675725461045980,trep_world,0.0,-0.517069624275,0.792126800898
1463675725525561691,262,1463675725524384975,trep_world,0.0,-0.447095265957,0.768583853927
1463675725530606535,263,1463675725530322074,trep_world,0.0,-0.364879573108,0.74899224115
1463675725562309867,264,1463675725561423063,trep_world,0.0,-0.271194323187,0.73155152922
1463675725596421762,265,1463675725594876050,trep_world,0.0,-0.150554132892,0.73181621203
1463675725629107490,266,1463675725628537893,trep_world,0.0,-0.0202412153518,0.730686094105
1463675725662784340,267,1463675725661824941,trep_world,0.0,0.0926373212081,0.699814298092
1463675725695408446,268,1463675725694945096,trep_world,0.0,0.228115960266,0.67824559407
1463675725746005960,269,1463675725744963884,trep_world,0.0,0.385518934195,0.666057799483
1463675725763499040,270,1463675725762332916,trep_world,0.0,0.499441780249,0.605041486235
1463675725794749851,271,1463675725794066905,trep_world,0.0,0.58775962234,0.508721881096
1463675725831277096,272,1463675725827651977,trep_world,0.0,0.670746840029,0.400965258847
1463675725863101835,273,1463675725861907005,trep_world,0.0,0.721284822024,0.267645057777
1463675725894679532,274,1463675725894273042,trep_world,0.0,0.742497251252,0.115816172766
1463675725943718607,275,1463675725942785978,trep_world,0.0,0.732933452446,-0.0504904499604
1463675725962430160,276,1463675725961535930,trep_world,0.0,0.691984057729,-0.225482634891
1463675725995180129,277,1463675725994565963,trep_world,0.0,0.617463852897,-0.403327521196
1463675726029214952,278,1463675726028362035,trep_world,0.0,0.50648969385,-0.574979288368
1463675726061852956,279,1463675726061425924,trep_world,0.0,0.356356257441,-0.729301993807
1463675726122241977,280,1463675726121674060,trep_world,0.0,0.17074644353,-0.855815239578
1463675726129901976,281,1463675726129142045,trep_world,0.0,-0.0417459680449,-0.948367291953
1463675726162743774,282,1463675726162086009,trep_world,0.0,-0.271851116613,-0.995980144315
1463675726195319605,283,1463675726194205999,trep_world,0.0,-0.507304979362,-0.989330611138
1463675726228768454,284,1463675726228401899,trep_world,0.0,-0.732769025402,-0.928172436186
1463675726263603692,285,1463675726263132095,trep_world,0.0,-0.933638072838,-0.817337560282
1463675726323863844,286,1463675726322879076,trep_world,0.0,-1.09922031204,-0.667232750517
1463675726331864382,287,1463675726331651926,trep_world,0.0,-1.22424121242,-0.49175250041
1463675726361779837,288,1463675726361355066,trep_world,0.0,-1.30636761789,-0.303053537982
1463675726395064491,289,1463675726393764972,trep_world,0.0,-1.34675174625,-0.111979639367
1463675726428001454,290,1463675726426883935,trep_world,0.0,-1.35049806246,0.0723771603203
1463675726463766540,291,1463675726460930109,trep_world,0.0,-1.32534258308,0.243816144029
1463675726527110889,292,1463675726523241043,trep_world,0.0,-1.27956397727,0.399203826259
1463675726533588589,293,1463675726533202886,trep_world,0.0,-1.22853665938,0.542211890673
1463675726562235697,294,1463675726560863018,trep_world,0.0,-1.16689354738,0.66532218133
1463675726596183238,295,1463675726594233036,trep_world,0.0,-1.09005162732,0.764686896337
1463675726628945247,296,1463675726627794981,trep_world,0.0,-1.01035401917,0.849996240851
1463675726661364956,297,1463675726660928010,trep_world,0.0,-0.92956690031,0.922082736791
1463675726723549081,298,1463675726695316076,trep_world,0.0,-0.843980688023,0.969425063591
1463675726736953330,299,1463675726736088991,trep_world,0.0,-0.754908391777,0.992011725364
1463675726761062620,300,1463675726760740995,trep_world,0.0,-0.665398384447,0.999684189782
1463675726795788074,301,1463675726794374942,trep_world,0.0,-0.57605360466,0.997810245549
