%time,field.header.seq,field.header.stamp,field.header.frame_id,field.point.x,field.point.y,field.point.z
1463677677587713914,1238,1463677677587352037,trep_world,0.0,2.42793835898,-0.999999364084
1463677677621026564,1239,1463677677620604991,trep_world,0.0,2.42792839012,-0.99999034263
1463677677678805174,1240,1463677677654128074,trep_world,0.0,2.42786769764,-0.999963306141
1463677677687634404,1241,1463677677686767101,trep_world,0.0,2.4277460557,-0.99999237903
1463677677720850512,1242,1463677677719574928,trep_world,0.0,2.42756387485,-0.999987072627
1463677677754866051,1243,1463677677753551959,trep_world,0.0,2.42730309944,-0.999938870183
1463677677788670955,1244,1463677677788285017,trep_world,0.0,2.42694076125,-0.999943654025
1463677677821501352,1245,1463677677820149898,trep_world,0.0,2.42648076506,-0.9999797395
1463677677854791781,1246,1463677677853600978,trep_world,0.0,2.42594534666,-0.999987199164
1463677677898236402,1247,1463677677898006916,trep_world,0.0,2.42533466039,-0.999961307054
1463677677921199193,1248,1463677677920742034,trep_world,0.0,2.42461982162,-0.999915340801
1463677677955587066,1249,1463677677954010009,trep_world,0.0,2.42377940317,-0.999926925686
1463677677987828204,1250,1463677677987299919,trep_world,0.0,2.42281841366,-0.999959258821
1463677678021250852,1251,1463677678019984006,trep_world,0.0,2.42175991376,-0.999976198857
1463677678080310504,1252,1463677678079628944,trep_world,0.0,2.42057931089,-0.999869642944
1463677678088081571,1253,1463677678086790084,trep_world,0.0,2.41917128831,-0.999463694253
1463677678121071008,1254,1463677678120280981,trep_world,0.0,2.4173919396,-0.998963234534
1463677678154243446,1255,1463677678153740882,trep_world,0.0,2.41508709679,-0.998304557134
1463677678188385159,1256,1463677678187053918,trep_world,0.0,2.41207989486,-0.997186485448
1463677678221045617,1257,1463677678220349073,trep_world,0.0,2.40809362247,-0.994896874066
1463677678284066716,1258,1463677678283494949,trep_world,0.0,2.40289022071,-0.9917991076
1463677678289708795,1259,1463677678289268016,trep_world,0.0,2.39611045775,-0.987866874782
1463677678320562995,1260,1463677678320116996,trep_world,0.0,2.38670895285,-0.979195046428
1463677678354317649,1261,1463677678353646993,trep_world,0.0,2.37390638433,-0.965171673446
1463677678388011113,1262,1463677678386989116,trep_world,0.0,2.35650539587,-0.945893820845
1463677678422427308,1263,1463677678421149969,trep_world,0.0,2.33206430327,-0.917430518812
1463677678482670793,1264,1463677678477776050,trep_world,0.0,2.28863613083,-0.858808237435
1463677678486721551,1265,1463677678486383914,trep_world,0.0,2.22713193585,-0.774570756981
1463677678521588124,1266,1463677678521205902,trep_world,0.0,2.17062655557,-0.707597558213
1463677678554106375,1267,1463677678553553104,trep_world,0.0,2.05857023841,-0.600980905982
1463677678590089888,1268,1463677678589369058,trep_world,0.0,1.92932478069,-0.473781436718
1463677678622012903,1269,1463677678620362043,trep_world,0.0,1.8289599632,-0.378804975255
1463677678676432077,1270,1463677678653704881,trep_world,0.0,1.67259918836,-0.271932411532
1463677678687107931,1271,1463677678686737060,trep_world,0.0,1.50840664046,-0.170856194854
1463677678722091545,1272,1463677678720407009,trep_world,0.0,1.36674288619,-0.0857303909845
1463677678755247655,1273,1463677678753582954,trep_world,0.0,1.20946343429,-0.0110052451495
1463677678787467931,1274,1463677678786936044,trep_world,0.0,1.09553178685,0.0549169936929
1463677678821404866,1275,1463677678820935010,trep_world,0.0,1.03604211683,0.110802830723
1463677678890992695,1276,1463677678853645086,trep_world,0.0,0.977786198574,0.156159556332
1463677678907127556,1277,1463677678906567096,trep_world,0.0,0.946527034441,0.195104632397
1463677678921992297,1278,1463677678921463012,trep_world,0.0,0.937766232719,0.227217633602
1463677678954741882,1279,1463677678953474044,trep_world,0.0,0.932390213334,0.249156125565
1463677678989807998,1280,1463677678986840009,trep_world,0.0,0.928697801638,0.260596477121
1463677679021776438,1281,1463677679020860910,trep_world,0.0,0.926032148028,0.261403652316
1463677679086425557,1282,1463677679084846973,trep_world,0.0,0.926479721992,0.252156935839
1463677679091264846,1283,1463677679090699911,trep_world,0.0,0.929874089738,0.232824750338
1463677679121877227,1284,1463677679120954990,trep_world,0.0,0.931713256319,0.202292821968
1463677679154273365,1285,1463677679153594970,trep_world,0.0,0.923987406828,0.159068692912
1463677679187173309,1286,1463677679186784982,trep_world,0.0,0.913295689729,0.104222370509
1463677679220954268,1287,1463677679220182895,trep_world,0.0,0.904829297906,0.0390479420637
1463677679281940499,1288,1463677679253783941,trep_world,0.0,0.887789234117,-0.0371236454852
1463677679288687940,1289,1463677679288145065,trep_world,0.0,0.855449342493,-0.123333093942
1463677679320576151,1290,1463677679320190906,trep_world,0.0,0.816571502353,-0.220025807347
1463677679354025887,1291,1463677679353550910,trep_world,0.0,0.771812057618,-0.325466145051
1463677679387907585,1292,1463677679386826038,trep_world,0.0,0.711071188648,-0.436133086649
1463677679422979133,1293,1463677679421412944,trep_world,0.0,0.634849527069,-0.549856837143
1463677679479722677,1294,1463677679477870941,trep_world,0.0,0.53798418186,-0.660074384559
1463677679487632876,1295,1463677679487162113,trep_world,0.0,0.421291923158,-0.763844294386
1463677679520985941,1296,1463677679520318984,trep_world,0.0,0.287312594021,-0.857027500966
1463677679554819240,1297,1463677679554136991,trep_world,0.0,0.135514864797,-0.930478098055
1463677679587704239,1298,1463677679587229013,trep_world,0.0,-0.0299710349967,-0.979192975778
1463677679620680973,1299,1463677679620194911,trep_world,0.0,-0.20319045444,-0.999552250628
1463677679678303249,1300,1463677679678029060,trep_world,0.0,-0.377339774876,-0.989472704066
1463677679687267170,1301,1463677679686789989,trep_world,0.0,-0.545319576897,-0.949715889824
1463677679720808670,1302,1463677679720402002,trep_world,0.0,-0.700635528178,-0.883174623145
1463677679754109259,1303,1463677679753720045,trep_world,0.0,-0.838051406842,-0.79412273286
1463677679788176164,1304,1463677679787714958,trep_world,0.0,-0.954494424348,-0.688708966657
1463677679821926968,1305,1463677679821391105,trep_world,0.0,-1.04881116342,-0.57330333031
1463677679880169633,1306,1463677679879379987,trep_world,0.0,-1.11970864002,-0.452674225463
1463677679886718744,1307,1463677679886324882,trep_world,0.0,-1.16871583687,-0.331757802959
1463677679922876555,1308,1463677679921391010,trep_world,0.0,-1.20005656288,-0.215612035424
1463677679954144982,1309,1463677679953557014,trep_world,0.0,-1.2172659122,-0.107284439757
1463677679988077015,1310,1463677679987113952,trep_world,0.0,-1.22320874429,-0.00876656767512
1463677680022532510,1311,1463677680020862102,trep_world,0.0,-1.22052673439,0.0788741349429
1463677680092436793,1312,1463677680092015981,trep_world,0.0,-1.2116174929,0.155007188783
1463677680096477036,1313,1463677680096271038,trep_world,0.0,-1.19881516745,0.219583157458
1463677680121591635,1314,1463677680120889902,trep_world,0.0,-1.18494821315,0.272947624816
1463677680154946302,1315,1463677680154261112,trep_world,0.0,-1.17164705399,0.315507034957
1463677680188087514,1316,1463677680187562942,trep_world,0.0,-1.16018148233,0.347719775704
1463677680222053718,1317,1463677680221484899,trep_world,0.0,-1.15136120318,0.36996549418
1463677680284581405,1318,1463677680284322023,trep_world,0.0,-1.14463262804,0.382100408789
1463677680288326191,1319,1463677680287808895,trep_world,0.0,-1.14118611404,0.3846847018
1463677680322282098,1320,1463677680320548057,trep_world,0.0,-1.14266550598,0.378423748166
1463677680354156583,1321,1463677680353610038,trep_world,0.0,-1.14789760896,0.362821842239
1463677680388597705,1322,1463677680386825084,trep_world,0.0,-1.15670169352,0.337740034518
1463677680420507148,1323,1463677680420161008,trep_world,0.0,-1.1687821145,0.303006634696
1463677680484150474,1324,1463677680453773021,trep_world,0.0,-1.18221016644,0.257897730002
1463677680489216755,1325,1463677680488903045,trep_world,0.0,-1.1958474714,0.202040697722
1463677680521135110,1326,1463677680520132064,trep_world,0.0,-1.20802605044,0.135141942624
1463677680555027797,1327,1463677680553663969,trep_world,0.0,-1.21621604388,0.0569643296698
1463677680588193595,1328,1463677680586803913,trep_world,0.0,-1.21775719156,-0.0322758904624
1463677680620671430,1329,1463677680620117902,trep_world,0.0,-1.20983892283,-0.131887217764
1463677680688295802,1330,1463677680667252063,trep_world,0.0,-1.18968341939,-0.240488511466
1463677680694014759,1331,1463677680693156003,trep_world,0.0,-1.15399571704,-0.355809923335
1463677680722067460,1332,1463677680720632076,trep_world,0.0,-1.09956882901,-0.474509077466
1463677680754102969,1333,1463677680753592014,trep_world,0.0,-1.02380187744,-0.592162416717
1463677680787354432,1334,1463677680786958932,trep_world,0.0,-0.925991169537,-0.704096208064
1463677680821668475,1335,1463677680820106029,trep_world,0.0,-0.806797513163,-0.80515330281
1463677680877315591,1336,1463677680876557111,trep_world,0.0,-0.666942634361,-0.888174173018
1463677680887686378,1337,1463677680886786937,trep_world,0.0,-0.510795199478,-0.950343603881
1463677680921809942,1338,1463677680920509099,trep_world,0.0,-0.343808540359,-0.988879769862
1463677680954466082,1339,1463677680954039096,trep_world,0.0,-0.171378835471,-0.999768000916
1463677680990552607,1340,1463677680987935066,trep_world,0.0,-0.000144509982767,-0.981137212771
1463677681022513975,1341,1463677681021692991,trep_world,0.0,0.1627941334,-0.932885564724
1463677681074791911,1342,1463677681074368000,trep_world,0.0,0.308876664382,-0.853483953682
1463677681086540089,1343,1463677681086226940,trep_world,0.0,0.429913823829,-0.744014426896
1463677681122123693,1344,1463677681121495008,trep_world,0.0,0.518528282155,-0.610139978695
1463677681154752668,1345,1463677681153510093,trep_world,0.0,0.554693953016,-0.448702275494
1463677681188243518,1346,1463677681186938047,trep_world,0.0,0.538715040723,-0.269816164643
1463677681221505793,1347,1463677681220093011,trep_world,0.0,0.491080857014,-0.0930382017098
1463677681280408180,1348,1463677681270747900,trep_world,0.0,0.405096216488,0.0753462938849
1463677681301318296,1349,1463677681300415039,trep_world,0.0,0.312675412718,0.235393439025
1463677681322228850,1350,1463677681320471048,trep_world,0.0,0.233567164068,0.385818581118
1463677681356913793,1351,1463677681353599071,trep_world,0.0,0.147518659684,0.522133484494
1463677681389508658,1352,1463677681387818098,trep_world,0.0,0.054770595536,0.643207524731
1463677681421749570,1353,1463677681421159029,trep_world,0.0,-0.0449048170186,0.747122977592
1463677681494141943,1354,1463677681493866920,trep_world,0.0,-0.150738698503,0.833006735674
1463677681498138356,1355,1463677681497631072,trep_world,0.0,-0.260870626825,0.901145371276
1463677681522457604,1356,1463677681520885944,trep_world,0.0,-0.374210743909,0.951210409117
1463677681554820852,1357,1463677681553644895,trep_world,0.0,-0.489416775231,0.984181725416
1463677681588282964,1358,1463677681587541103,trep_world,0.0,-0.605616524814,0.999077133111
1463677681621944269,1359,1463677681621525049,trep_world,0.0,-0.72192509492,0.996152458519
1463677681693356723,1360,1463677681693092107,trep_world,0.0,-0.837516119306,0.976595943528
1463677681697103147,1361,1463677681696474075,trep_world,0.0,-0.952095615756,0.942177947141
1463677681721283342,1362,1463677681720793008,trep_world,0.0,-1.06554901016,0.894523193833
1463677681755093659,1363,1463677681754093885,trep_world,0.0,-1.17834644305,0.834836871785
1463677681789441398,1364,1463677681787226915,trep_world,0.0,-1.29074403363,0.764239285162
1463677681821457951,1365,1463677681820394039,trep_world,0.0,-1.4017493064,0.681392326416
1463677681882001270,1366,1463677681881139993,trep_world,0.0,-1.51020680432,0.585702932122
1463677681886937995,1367,1463677681886359930,trep_world,0.0,-1.61053208469,0.473879693789
1463677681921940258,1368,1463677681920286893,trep_world,0.0,-1.69235179586,0.34191115912
1463677681953938360,1369,1463677681953506946,trep_world,0.0,-1.74844520122,0.189954871678
1463677681987174906,1370,1463677681986620903,trep_world,0.0,-1.77391739858,0.0217416249506
1463677682022894849,1371,1463677682020936012,trep_world,0.0,-1.76463035842,-0.157822571766
1463677682083390502,1372,1463677682053715944,trep_world,0.0,-1.71799589709,-0.341703684157
1463677682088127244,1373,1463677682087927103,trep_world,0.0,-1.63112711701,-0.521274746925
1463677682121213595,1374,1463677682120687961,trep_world,0.0,-1.50396868972,-0.686412396544
1463677682154916003,1375,1463677682153601884,trep_world,0.0,-1.3394633621,-0.826418137332
1463677682187510448,1376,1463677682187077045,trep_world,0.0,-1.14379763899,-0.930452826178
1463677682221685909,1377,1463677682220943927,trep_world,0.0,-0.926532769007,-0.98899793271
1463677682280789380,1378,1463677682280371904,trep_world,0.0,-0.700483698422,-0.996894667895
1463677682287587391,1379,1463677682287177085,trep_world,0.0,-0.479627699196,-0.95400772181
1463677682321534288,1380,1463677682320643901,trep_world,0.0,-0.277166732342,-0.864370310377
1463677682355203525,1381,1463677682354456901,trep_world,0.0,-0.103715519444,-0.735947697119
1463677682388228398,1382,1463677682387595891,trep_world,0.0,0.0332415512497,-0.579042666019
1463677682422859309,1383,1463677682421667098,trep_world,0.0,0.128638044331,-0.403699024788
1463677682477033375,1384,1463677682476238012,trep_world,0.0,0.180362296501,-0.220138947979
1463677682487730952,1385,1463677682486498117,trep_world,0.0,0.192834952737,-0.0383615022737
1463677682521327217,1386,1463677682520154953,trep_world,0.0,0.172409897955,0.133615742649
1463677682555137386,1387,1463677682553658008,trep_world,0.0,0.126694008917,0.2915056248
1463677682587962033,1388,1463677682587498903,trep_world,0.0,0.0604213381251,0.431797402344
1463677682620595863,1389,1463677682620126008,trep_world,0.0,-0.0239954810553,0.552483749177
1463677682678791925,1390,1463677682678555965,trep_world,0.0,-0.115139651889,0.65824928993
1463677682690977071,1391,1463677682687839031,trep_world,0.0,-0.208836233974,0.750256463485
1463677682721627080,1392,1463677682720918893,trep_world,0.0,-0.306770801213,0.826332681876
1463677682754852167,1393,1463677682754497051,trep_world,0.0,-0.407870497749,0.886455041602
1463677682787552384,1394,1463677682787090063,trep_world,0.0,-0.511141081639,0.931201476278
1463677682821471641,1395,1463677682820960044,trep_world,0.0,-0.615337704321,0.96225166281
1463677682895844654,1396,1463677682894418001,trep_world,0.0,-0.71980914675,0.980781224901
1463677682901553973,1397,1463677682901060104,trep_world,0.0,-0.823780126532,0.990593924243
1463677682921015689,1398,1463677682920335054,trep_world,0.0,-0.926556504911,0.998170297345
1463677682955196755,1399,1463677682953655004,trep_world,0.0,-1.02873760082,0.999923958272
1463677682988520560,1400,1463677682987744092,trep_world,0.0,-1.13087781184,0.997497462705
1463677683021970117,1401,1463677683020129919,trep_world,0.0,-1.23343916671,0.990787626421
1463677683055429555,1402,1463677683054652929,trep_world,0.0,-1.33772534078,0.98591954989
1463677683088451526,1403,1463677683087991952,trep_world,0.0,-1.44370261726,0.980632065151
1463677683122448281,1404,1463677683120948076,trep_world,0.0,-1.55022351009,0.967210347401
1463677683154910371,1405,1463677683154098987,trep_world,0.0,-1.65922742658,0.951866144852
1463677683188039387,1406,1463677683187051057,trep_world,0.0,-1.77175850393,0.937233149392
1463677683221993640,1407,1463677683220664024,trep_world,0.0,-1.88629187327,0.91733871605
1463677683292960160,1408,1463677683292722940,trep_world,0.0,-2.00554305355,0.897156396339
1463677683299054292,1409,1463677683298590898,trep_world,0.0,-2.12846971376,0.874177581083
1463677683321329139,1410,1463677683320158958,trep_world,0.0,-2.2504473466,0.83872816539
1463677683354798048,1411,1463677683353722095,trep_world,0.0,-2.37716277809,0.799159803469
1463677683388017876,1412,1463677683386903047,trep_world,0.0,-2.50132548615,0.746684454414
1463677683421144143,1413,1463677683420216083,trep_world,0.0,-2.61443700218,0.670177353006
1463677683454255140,1414,1463677683453860044,trep_world,0.0,-2.72059700191,0.577028882838
1463677683487681958,1415,1463677683486758947,trep_world,0.0,-2.81951544007,0.467768616852
1463677683521673245,1416,1463677683520184993,trep_world,0.0,-2.90915868506,0.343400994642
1463677683554575671,1417,1463677683553720951,trep_world,0.0,-2.98216743634,0.202383252126
1463677683587617618,1418,1463677683586966037,trep_world,0.0,-3.03545738189,0.046747263085
1463677683620450406,1419,1463677683620084047,trep_world,0.0,-3.0500279542,-0.119922219607
1463677683654048539,1420,1463677683653640985,trep_world,0.0,-3.0189111578,-0.292537402589
1463677683699236939,1421,1463677683697262048,trep_world,0.0,-2.95038470731,-0.4639617645
1463677683721642362,1422,1463677683720679044,trep_world,0.0,-2.84413895052,-0.626110013631
1463677683754563763,1423,1463677683753556013,trep_world,0.0,-2.70248940832,-0.769941893268
1463677683787878268,1424,1463677683786900997,trep_world,0.0,-2.52906558214,-0.885458251045
1463677683822230617,1425,1463677683821518898,trep_world,0.0,-2.33090630717,-0.963542891819
1463677683884330126,1426,1463677683879798889,trep_world,0.0,-2.118104081,-0.998294671569
1463677683889026424,1427,1463677683888802051,trep_world,0.0,-1.902387421,-0.988115938163
1463677683921569900,1428,1463677683920893907,trep_world,0.0,-1.69547709082,-0.933889689982
1463677683955418936,1429,1463677683954509019,trep_world,0.0,-1.50758216918,-0.841340197368
1463677683987876714,1430,1463677683987524986,trep_world,0.0,-1.34719006458,-0.717395916427
1463677684022480840,1431,1463677684021637916,trep_world,0.0,-1.22213929727,-0.568392988272
1463677684081259734,1432,1463677684078892946,trep_world,0.0,-1.13310280898,-0.40493797109
1463677684086702070,1433,1463677684086338043,trep_world,0.0,-1.07818737247,-0.237649590275
1463677684121027590,1434,1463677684120181083,trep_world,0.0,-1.05658026473,-0.0730635405786
1463677684154222819,1435,1463677684153552055,trep_world,0.0,-1.06389386547,0.0826121209157
1463677684187732551,1436,1463677684186881065,trep_world,0.0,-1.09382715677,0.225619296027
1463677684223420560,1437,1463677684221203088,trep_world,0.0,-1.13950635305,0.35397550203
1463677684284866430,1438,1463677684253776073,trep_world,0.0,-1.19722451213,0.466742392595
1463677684294567479,1439,1463677684292960882,trep_world,0.0,-1.26258669664,0.564533844714
1463677684323385817,1440,1463677684320633888,trep_world,0.0,-1.33136034004,0.648981853989
1463677684354139794,1441,1463677684353569030,trep_world,0.0,-1.40168774438,0.720998796911
1463677684388326171,1442,1463677684386996030,trep_world,0.0,-1.47232192531,0.781642281213
1463677684423457430,1443,1463677684421549081,trep_world,0.0,-1.54186705421,0.832572268059
1463677684484887371,1444,1463677684484519958,trep_world,0.0,-1.61042832951,0.873738405317
1463677684490941130,1445,1463677684490703105,trep_world,0.0,-1.67774772761,0.906075081226
1463677684523605308,1446,1463677684520962953,trep_world,0.0,-1.74367196307,0.930110024144
1463677684554448986,1447,1463677684553719043,trep_world,0.0,-1.80948865896,0.943009360406
1463677684588111686,1448,1463677684587246894,trep_world,0.0,-1.87404279147,0.948527050056
1463677684621465871,1449,1463677684620261907,trep_world,0.0,-1.93591218361,0.951055881512
1463677684667742382,1450,1463677684653855085,trep_world,0.0,-1.99723923383,0.944167652056
1463677684692846396,1451,1463677684692661046,trep_world,0.0,-2.05540298441,0.934554177637
1463677684721463461,1452,1463677684720050096,trep_world,0.0,-2.10734547566,0.930678694867
1463677684754088495,1453,1463677684753519058,trep_world,0.0,-2.1559765628,0.924394302169
1463677684787186101,1454,1463677684786572933,trep_world,0.0,-2.19961937542,0.919184859904
1463677684822553254,1455,1463677684821618080,trep_world,0.0,-2.23599977767,0.920127018008
1463677684888459984,1456,1463677684887976884,trep_world,0.0,-2.26802588332,0.920315103298
1463677684894602639,1457,1463677684894206047,trep_world,0.0,-2.29511481925,0.921142698742
1463677684921680017,1458,1463677684920329093,trep_world,0.0,-2.31560536106,0.926651942933
1463677684954406247,1459,1463677684953499078,trep_world,0.0,-2.33232570735,0.930400759335
1463677684987547232,1460,1463677684986866950,trep_world,0.0,-2.3455687567,0.932031619144
1463677685020532760,1461,1463677685020148992,trep_world,0.0,-2.35322715021,0.937152991451
1463677685077248796,1462,1463677685074088096,trep_world,0.0,-2.35592773536,0.944504470716
1463677685087195045,1463,1463677685086747884,trep_world,0.0,-2.3537688694,0.955013873727
1463677685120286336,1464,1463677685119756937,trep_world,0.0,-2.34690869929,0.969405278124
1463677685154876644,1465,1463677685153500080,trep_world,0.0,-2.33638576514,0.988013531991
1463677685187760894,1466,1463677685186891078,trep_world,0.0,-2.32464536941,0.998162115944
1463677685221486522,1467,1463677685220227956,trep_world,0.0,-2.3126779548,0.999788849796
1463677685275277132,1468,1463677685274923086,trep_world,0.0,-2.30050919264,0.989522602536
1463677685286533860,1469,1463677685286348104,trep_world,0.0,-2.28930662775,0.970089496189
1463677685320020649,1470,1463677685319585084,trep_world,0.0,-2.28270195789,0.960095555605
1463677685354290884,1471,1463677685353239059,trep_world,0.0,-2.27954812697,0.951556339558
1463677685387175429,1472,1463677685386742115,trep_world,0.0,-2.28085819718,0.945726407204
1463677685420426147,1473,1463677685420005083,trep_world,0.0,-2.28732448678,0.944164557805
1463677685474370863,1474,1463677685473869085,trep_world,0.0,-2.29777079359,0.943114495704
1463677685486676799,1475,1463677685486294031,trep_world,0.0,-2.3123853457,0.943010670142
1463677685520566722,1476,1463677685520178079,trep_world,0.0,-2.33177281464,0.945551366764
1463677685554522426,1477,1463677685553795099,trep_world,0.0,-2.35559538249,0.949947965215
1463677685588498706,1478,1463677685587976932,trep_world,0.0,-2.38298378561,0.954249808482
1463677685620975374,1479,1463677685620229005,trep_world,0.0,-2.41419681624,0.959782843811
1463677685681603282,1480,1463677685680799007,trep_world,0.0,-2.44959666676,0.968805364065
1463677685689111925,1481,1463677685688941955,trep_world,0.0,-2.48702652139,0.973622006277
1463677685721411606,1482,1463677685720550060,trep_world,0.0,-2.52584356149,0.973058469891
1463677685755176029,1483,1463677685754156112,trep_world,0.0,-2.56824652595,0.97685839289
1463677685787912662,1484,1463677685787398099,trep_world,0.0,-2.61303587984,0.979982337534
1463677685822717415,1485,1463677685821028947,trep_world,0.0,-2.65903935833,0.977902510969
1463677685893759295,1486,1463677685892007112,trep_world,0.0,-2.70785433253,0.977955300365
1463677685899454516,1487,1463677685899029970,trep_world,0.0,-2.75939682735,0.97962802068
1463677685922430084,1488,1463677685922061920,trep_world,0.0,-2.81233410085,0.97703227241
1463677685957263217,1489,1463677685953716039,trep_world,0.0,-2.86836124722,0.977481154708
1463677685988171593,1490,1463677685986792087,trep_world,0.0,-2.92721585955,0.979574071193
1463677686021581849,1491,1463677686020173072,trep_world,0.0,-2.98767411932,0.978342197102
1463677686054583656,1492,1463677686053718090,trep_world,0.0,-3.05026467965,0.97633529197
1463677686088289988,1493,1463677686086745977,trep_world,0.0,-3.11519845424,0.974030096396
1463677686121889021,1494,1463677686120903015,trep_world,0.0,-3.18283540791,0.972552069416
1463677686154954740,1495,1463677686153479099,trep_world,0.0,-3.25451408402,0.97722266787
1463677686187910154,1496,1463677686186832904,trep_world,0.0,-3.32899011741,0.982581151662
1463677686223395069,1497,1463677686220297098,trep_world,0.0,-3.40457017696,0.982460892757
1463677686272253106,1498,1463677686253921985,trep_world,0.0,-3.48187258687,0.980454351071
1463677686310038541,1499,1463677686309808015,trep_world,0.0,-3.56091189303,0.976289375507
1463677686320187171,1500,1463677686319721937,trep_world,0.0,-3.64027385157,0.963090536923
1463677686354386584,1501,1463677686353570938,trep_world,0.0,-3.7193109733,0.937329433185
1463677686387554212,1502,1463677686386820077,trep_world,0.0,-3.79950605058,0.904129991177
1463677686421045318,1503,1463677686420146942,trep_world,0.0,-3.88028615267,0.861839231649
1463677686478097466,1504,1463677686476444959,trep_world,0.0,-3.95974526398,0.806812788681
1463677686487720164,1505,1463677686486861944,trep_world,0.0,-4.03713733663,0.73827508939
1463677686521005226,1506,1463677686520524024,trep_world,0.0,-4.1098978599,0.654352321056
1463677686554922246,1507,1463677686553968906,trep_world,0.0,-4.17773848338,0.555178290456
1463677686587636997,1508,1463677686587034940,trep_world,0.0,-4.23931497986,0.441596225265
1463677686621799172,1509,1463677686621246099,trep_world,0.0,-4.28791646862,0.311094337829
1463677686689060618,1510,1463677686688486099,trep_world,0.0,-4.31851631586,0.164283324502
1463677686693624934,1511,1463677686692204952,trep_world,0.0,-4.32420185619,0.00296242031877
1463677686721283622,1512,1463677686720808982,trep_world,0.0,-4.29965193448,-0.168919413204
1463677686754916053,1513,1463677686754422903,trep_world,0.0,-4.24295702399,-0.345797925269
1463677686789168347,1514,1463677686787692070,trep_world,0.0,-4.14141279177,-0.515213623364
1463677686820877092,1515,1463677686820403099,trep_world,0.0,-3.9973656371,-0.670894892234
1463677686854056932,1516,1463677686853615999,trep_world,0.0,-3.82025528891,-0.806031537032
1463677686896041449,1517,1463677686895405054,trep_world,0.0,-3.60871397479,-0.903477329571
1463677686921847028,1518,1463677686920160055,trep_world,0.0,-3.37649547442,-0.970347388966
1463677686954759014,1519,1463677686953727006,trep_world,0.0,-3.13378844693,-0.999605556836
1463677686987812361,1520,1463677686986954927,trep_world,0.0,-2.88910364304,-0.988276730591
1463677687021715615,1521,1463677687020287990,trep_world,0.0,-2.65117798719,-0.948286964082
1463677687085963336,1522,1463677687078644037,trep_world,0.0,-2.42712973308,-0.876522222232
1463677687091392334,1523,1463677687090512037,trep_world,0.0,-2.22430773422,-0.778939128101
1463677687122544325,1524,1463677687121620893,trep_world,0.0,-2.05477702927,-0.65131633807
1463677687154195863,1525,1463677687153661012,trep_world,0.0,-1.90704182874,-0.513280202188
1463677687187431096,1526,1463677687186934947,trep_world,0.0,-1.78301477555,-0.374324466444
1463677687222394302,1527,1463677687220514059,trep_world,0.0,-1.69897925943,-0.229676959025
1463677687255211823,1528,1463677687253619909,trep_world,0.0,-1.62745699052,-0.0915095663005
1463677687294976315,1529,1463677687294254064,trep_world,0.0,-1.5400344045,0.0345230538203
1463677687321395452,1530,1463677687320888042,trep_world,0.0,-1.49827495199,0.143795951366
1463677687355147238,1531,1463677687353584051,trep_world,0.0,-1.44032153988,0.250908458594
1463677687387368209,1532,1463677687386856079,trep_world,0.0,-1.34470214466,0.350093306094
1463677687423823477,1533,1463677687420140981,trep_world,0.0,-1.29435244994,0.422215346797
1463677687487892938,1534,1463677687486782073,trep_world,0.0,-1.21183346235,0.500695991966
1463677687493426973,1535,1463677687493029117,trep_world,0.0,-1.11257858317,0.572762343068
1463677687523665434,1536,1463677687521882057,trep_world,0.0,-1.04870530187,0.609590514828
1463677687554183294,1537,1463677687553539991,trep_world,0.0,-0.972573893776,0.645643838042
1463677687587693391,1538,1463677687586857080,trep_world,0.0,-0.886439331435,0.677341182782
