%time,field.header.seq,field.header.stamp,field.header.frame_id,field.point.x,field.point.y,field.point.z
1463675716795638255,1,1463675716795439004,trep_world,0.0,-3.17644170476,0.0
1463675716830134251,2,1463675716829756975,trep_world,0.0,-3.16506260708,0.0
1463675716862661818,3,1463675716862313032,trep_world,0.0,-3.14950776934,0.0
1463675716913507935,4,1463675716913034915,trep_world,0.0,-3.13281859668,0.0
1463675716930457522,5,1463675716929266929,trep_world,0.0,-3.12141594498,0.0
1463675716964294027,6,1463675716963937044,trep_world,0.0,-3.12092507759,0.0
1463675716996774019,7,1463675716996129035,trep_world,0.0,-3.12246607881,0.0
1463675717030318821,8,1463675717029779911,trep_world,0.0,-3.11545859327,0.0
1463675717063002713,9,1463675717062629938,trep_world,0.0,-3.10313054475,0.0
1463675717129170634,10,1463675717128547906,trep_world,0.0,-3.09296425525,0.0
1463675717134887615,11,1463675717134713888,trep_world,0.0,-3.06254686153,0.0
1463675717163128151,12,1463675717161819934,trep_world,0.0,-3.01529496964,0.0
1463675717197076312,13,1463675717196078062,trep_world,0.0,-2.94487256928,0.0
1463675717231167584,14,1463675717230547904,trep_world,0.0,-2.86872141015,0.0
1463675717264012455,15,1463675717262901067,trep_world,0.0,-2.79087828745,0.0
1463675717324022780,16,1463675717323585033,trep_world,0.0,-2.68962601957,0.0
1463675717328000897,17,1463675717327833890,trep_world,0.0,-2.57718670602,0.0
1463675717361961240,18,1463675717361548900,trep_world,0.0,-2.39662588115,0.0
1463675717396203913,19,1463675717395693063,trep_world,0.0,-2.19030747144,0.0
1463675717430422309,20,1463675717429198026,trep_world,0.0,-2.0112805629,0.0
1463675717465633516,21,1463675717464915037,trep_world,0.0,-1.82271639709,0.0
1463675717521293884,22,1463675717520879030,trep_world,0.0,-1.59628009944,0.0
1463675717528021750,23,1463675717527852058,trep_world,0.0,-1.36409747973,0.0
1463675717565057816,24,1463675717563765048,trep_world,0.0,-1.15948222305,0.0
1463675717596851152,25,1463675717596143007,trep_world,0.0,-0.88259277416,0.0
1463675717630426773,26,1463675717628787040,trep_world,0.0,-0.637386432746,0.0
1463675717665538599,27,1463675717664524078,trep_world,0.0,-0.468938996315,0.0
1463675717727897736,28,1463675717727345943,trep_world,0.0,-0.235552925105,0.0
1463675717732348855,29,1463675717732105016,trep_world,0.0,-0.0325891106629,0.0
1463675717764849532,30,1463675717762945890,trep_world,0.0,0.073610143497,0.0
1463675717796011686,31,1463675717795572042,trep_world,0.0,0.198027536097,0.0
1463675717832311471,32,1463675717830136060,trep_world,0.0,0.315649591521,0.0
1463675717865090991,33,1463675717863888025,trep_world,0.0,0.362946021807,0.0
1463675717929321465,34,1463675717928422927,trep_world,0.0,0.389310384931,0.0
1463675717933386409,35,1463675717932171106,trep_world,0.0,0.405046235462,0.0
1463675717965180306,36,1463675717964730978,trep_world,0.0,0.412297281605,0.0
1463675717997758100,37,1463675717996510982,trep_world,0.0,0.41660202925,0.0
1463675718032180190,38,1463675718029728889,trep_world,0.0,0.414744895073,0.0
1463675718063420719,39,1463675718062668085,trep_world,0.0,0.407276359129,0.0
1463675718133003302,40,1463675718132518053,trep_world,0.0,0.395420720207,0.0
1463675718136005485,41,1463675718135802984,trep_world,0.0,0.375009488144,0.0
1463675718163611682,42,1463675718163256883,trep_world,0.0,0.357341246073,0.0
1463675718197313674,43,1463675718196199893,trep_world,0.0,0.345214328102,0.0
1463675718232954512,44,1463675718229671955,trep_world,0.0,0.308425453378,0.0
1463675718263660529,45,1463675718262567996,trep_world,0.0,0.268464701123,0.0
1463675718335497357,46,1463675718334994077,trep_world,0.0,0.255580430675,0.0
1463675718339471313,47,1463675718338722944,trep_world,0.0,0.255600800804,0.0
1463675718364153146,48,1463675718362869977,trep_world,0.0,0.261437582394,0.0
1463675718396370287,49,1463675718395940065,trep_world,0.0,0.279147631895,0.0
1463675718431007699,50,1463675718429910898,trep_world,0.0,0.308379628776,0.0
1463675718465794046,51,1463675718462771892,trep_world,0.0,0.347075253185,0.0
1463675718526218118,52,1463675718525614976,trep_world,0.0,0.418383872295,0.0
1463675718529376188,53,1463675718528927087,trep_world,0.0,0.504994556083,0.0
1463675718563791700,54,1463675718562865018,trep_world,0.0,0.576609301439,0.0
1463675718596847820,55,1463675718596383094,trep_world,0.0,0.627055891953,0.0
1463675718630379184,56,1463675718629997968,trep_world,0.0,0.673413653466,0.0
1463675718664643276,57,1463675718663294076,trep_world,0.0,0.709107459088,0.0
1463675718724479884,58,1463675718723892927,trep_world,0.0,0.713885605751,0.0
1463675718729437313,59,1463675718729202032,trep_world,0.0,0.712587039669,0.0
1463675718762723706,60,1463675718762376070,trep_world,0.0,0.712519343302,0.0
1463675718797236100,61,1463675718795511960,trep_world,0.0,0.709587808509,0.0
1463675718831744672,62,1463675718830457925,trep_world,0.0,0.704101031477,0.0
1463675718864219759,63,1463675718862588882,trep_world,0.0,0.701528432404,0.0
1463675718934933118,64,1463675718933970928,trep_world,0.0,0.698697271841,0.0
1463675718939125985,65,1463675718938771009,trep_world,0.0,0.690520486321,0.0
1463675718962791453,66,1463675718962498903,trep_world,0.0,0.683310809724,0.0
1463675718996446159,67,1463675718995893001,trep_world,0.0,0.681674572812,0.0
1463675719031585845,68,1463675719029428005,trep_world,0.0,0.682528305242,0.0
1463675719063254002,69,1463675719062553882,trep_world,0.0,0.682059457475,0.0
1463675719127465136,70,1463675719124989032,trep_world,0.0,0.680923554135,0.0
1463675719134036099,71,1463675719132469892,trep_world,0.0,0.679855389132,0.0
1463675719162892153,72,1463675719162496089,trep_world,0.0,0.677618983299,0.0
1463675719196888073,73,1463675719195821046,trep_world,0.0,0.675033370329,0.0
1463675719231004696,74,1463675719230185031,trep_world,0.0,0.673392357553,0.0
1463675719263587363,75,1463675719262588977,trep_world,0.0,0.671458435403,0.0
1463675719324964217,76,1463675719324086904,trep_world,0.0,0.66903539571,0.0
1463675719330824904,77,1463675719330388069,trep_world,0.0,0.665441465243,0.0
1463675719363624151,78,1463675719362879037,trep_world,0.0,0.660374401513,0.0
1463675719396898217,79,1463675719394962072,trep_world,0.0,0.653653054382,0.0
1463675719430975423,80,1463675719430231094,trep_world,0.0,0.64312942506,0.0
1463675719466265142,81,1463675719463356018,trep_world,0.0,0.626997561828,0.0
1463675719530811000,82,1463675719530389070,trep_world,0.0,0.604089002845,0.0
1463675719535689771,83,1463675719534514904,trep_world,0.0,0.576636346624,0.0
1463675719564031354,84,1463675719563002109,trep_world,0.0,0.548208498363,0.0
1463675719597080272,85,1463675719596501111,trep_world,0.0,0.522237962109,0.0
1463675719630395752,86,1463675719629638910,trep_world,0.0,0.497277502077,0.0
1463675719663993143,87,1463675719663340091,trep_world,0.0,0.472560995046,0.0
1463675719729289468,88,1463675719728305101,trep_world,0.0,0.449498597947,0.0
1463675719731989303,89,1463675719731730937,trep_world,0.0,0.434095991917,0.0
1463675719763373108,90,1463675719762784004,trep_world,0.0,0.42236594479,0.0
1463675719797007509,91,1463675719796360969,trep_world,0.0,0.400515626767,0.0
1463675719830472204,92,1463675719829622983,trep_world,0.0,0.370081073971,0.0
1463675719865845518,93,1463675719864296913,trep_world,0.0,0.336934017079,0.0
1463675719955160701,94,1463675719953665018,trep_world,0.0,0.323207792358,0.0
1463675719960690180,95,1463675719960414886,trep_world,0.0,0.347621432023,0.0
1463675719968254316,96,1463675719967852115,trep_world,0.0,0.38375809211,0.0
1463675719996404421,97,1463675719995985984,trep_world,0.0,0.4133569939,0.0
1463675720030657505,98,1463675720029061079,trep_world,0.0,0.455348065534,0.0
1463675720063879806,99,1463675720063337087,trep_world,0.0,0.51170297203,0.0
1463675720131044998,100,1463675720129683971,trep_world,0.0,0.572393185173,0.0
1463675720135990858,101,1463675720134962081,trep_world,0.0,0.659984242905,0.0
1463675720162803438,102,1463675720162322044,trep_world,0.0,0.737664309718,0.0
1463675720196695672,103,1463675720196007966,trep_world,0.0,0.770945046895,0.0
1463675720230896530,104,1463675720230551958,trep_world,0.0,0.79310880098,0.0
1463675720266195911,105,1463675720263788938,trep_world,0.0,0.814062842586,0.0
1463675720330386607,106,1463675720329350948,trep_world,0.0,0.846103358772,0.0
1463675720335449356,107,1463675720335125923,trep_world,0.0,0.893854949544,0.0
1463675720365197026,108,1463675720364545106,trep_world,0.0,0.920072966661,0.0
1463675720397769670,109,1463675720395482063,trep_world,0.0,0.968857797198,0.0
1463675720429518318,110,1463675720429135084,trep_world,0.0,1.04741257122,0.0
1463675720462769169,111,1463675720462162017,trep_world,0.0,1.10430315899,0.0
1463675720535211901,112,1463675720531176090,trep_world,0.0,1.16658437754,0.0
1463675720565665862,113,1463675720565295934,trep_world,0.0,1.2305890851,0.0
1463675720571999579,114,1463675720570853948,trep_world,0.0,1.3392589601,0.0
1463675720596538472,115,1463675720595622062,trep_world,0.0,1.46919787619,0.0
1463675720631420839,116,1463675720629450082,trep_world,0.0,1.55119262005,0.0
1463675720665015548,117,1463675720664570093,trep_world,0.0,1.63565618506,0.0
1463675720723586029,118,1463675720721776962,trep_world,0.0,1.77023001793,0.0
1463675720727852116,119,1463675720727629899,trep_world,0.0,1.89252967173,0.0
1463675720763308828,120,1463675720762340068,trep_world,0.0,1.96093626465,0.0
1463675720796301899,121,1463675720795893907,trep_world,0.0,2.03785300706,0.0
1463675720831177359,122,1463675720829726934,trep_world,0.0,2.11057462891,0.0
1463675720864891169,123,1463675720863810062,trep_world,0.0,2.14961881426,0.0
1463675720931314570,124,1463675720930211067,trep_world,0.0,2.1827205046,0.0
1463675720937286633,125,1463675720936775922,trep_world,0.0,2.20809756174,0.0
1463675720963259023,126,1463675720962858915,trep_world,0.0,2.2149274702,0.0
1463675720997259294,127,1463675720995805025,trep_world,0.0,2.21171951499,0.0
1463675721029732449,128,1463675721029303073,trep_world,0.0,2.21242521388,0.0
1463675721064993174,129,1463675721063976049,trep_world,0.0,2.21320204857,0.0
1463675721134965800,130,1463675721133361101,trep_world,0.0,2.20495564103,0.0
1463675721140045439,131,1463675721139669895,trep_world,0.0,2.2028672793,0.0
1463675721165217014,132,1463675721163809061,trep_world,0.0,2.20599936044,0.0
1463675721197803499,133,1463675721196893930,trep_world,0.0,2.2025923364,0.0
1463675721231780302,134,1463675721230581045,trep_world,0.0,2.19794201572,0.0
1463675721265665424,135,1463675721264084100,trep_world,0.0,2.19932402765,0.0
1463675721318867877,136,1463675721317390918,trep_world,0.0,2.19946403574,0.0
1463675721329783685,137,1463675721328778982,trep_world,0.0,2.20008170605,0.0
1463675721364630917,138,1463675721362488031,trep_world,0.0,2.19521227398,0.0
1463675721395745169,139,1463675721395447015,trep_world,0.0,2.18451508531,0.0
1463675721430264842,140,1463675721428973913,trep_world,0.0,2.15971731756,0.0
1463675721463946041,141,1463675721462402105,trep_world,0.0,2.11969479293,0.0
1463675721518599082,142,1463675721518384933,trep_world,0.0,2.07666805748,0.0
1463675721529813356,143,1463675721528980970,trep_world,0.0,2.03220587337,0.0
1463675721563813337,144,1463675721563290119,trep_world,0.0,1.96801642488,0.0
1463675721597512093,145,1463675721596708059,trep_world,0.0,1.89314260635,0.0
1463675721630343100,146,1463675721629919052,trep_world,0.0,1.83905589448,0.0
1463675721666612528,147,1463675721664242982,trep_world,0.0,1.78104228145,0.0
1463675721727681411,148,1463675721726399898,trep_world,0.0,1.69628551454,0.0
1463675721732506797,149,1463675721731758117,trep_world,0.0,1.59870774881,0.0
1463675721763833136,150,1463675721763356924,trep_world,0.0,1.49845289154,0.0
1463675721797048053,151,1463675721795233011,trep_world,0.0,1.3445064367,0.0
1463675721830470162,152,1463675721830065965,trep_world,0.0,1.18186719556,0.0
1463675721863396530,153,1463675721862639904,trep_world,0.0,1.05591557019,0.0
1463675721948597873,154,1463675721948035001,trep_world,0.0,0.92922128304,0.0
1463675721953101875,155,1463675721952909946,trep_world,0.0,0.727180824191,0.0
1463675721964891200,156,1463675721962251901,trep_world,0.0,0.588488542384,0.0
1463675721997331587,157,1463675721996263980,trep_world,0.0,0.469069316857,0.0
1463675722030153803,158,1463675722029735088,trep_world,0.0,0.266929681894,0.0
1463675722062925391,159,1463675722062542915,trep_world,0.0,0.0960379197801,0.0
1463675722123864404,160,1463675722123450040,trep_world,0.0,-0.081458766137,0.0
1463675722128015411,161,1463675722127558946,trep_world,0.0,-0.263738955696,0.0
1463675722164394022,162,1463675722163862943,trep_world,0.0,-0.453559197523,0.0
1463675722196777826,163,1463675722196127891,trep_world,0.0,-0.657854140038,0.0
1463675722230731505,164,1463675722230207920,trep_world,0.0,-0.806961392343,0.0
1463675722263873238,165,1463675722263158082,trep_world,0.0,-0.932029896191,0.0
1463675722344220010,166,1463675722343837976,trep_world,0.0,-1.05697410955,0.0
1463675722348734236,167,1463675722348160028,trep_world,0.0,-1.13845491003,0.0
1463675722364318169,168,1463675722363810062,trep_world,0.0,-1.17838230569,0.0
1463675722398794992,169,1463675722396599054,trep_world,0.0,-1.20339194146,0.0
1463675722430886747,170,1463675722429122924,trep_world,0.0,-1.2507662211,0.0
1463675722463631700,171,1463675722462523937,trep_world,0.0,-1.28687431002,0.0
1463675722528493108,172,1463675722526561975,trep_world,0.0,-1.31679279267,0.0
1463675722531614517,173,1463675722530628919,trep_world,0.0,-1.33940878062,0.0
1463675722565328432,174,1463675722563322067,trep_world,0.0,-1.35583185355,0.0
1463675722597418505,175,1463675722595740079,trep_world,0.0,-1.3757236146,0.0
1463675722631007915,176,1463675722629775047,trep_world,0.0,-1.38816724264,0.0
1463675722663629439,177,1463675722663181066,trep_world,0.0,-1.39378369154,0.0
1463675722736049212,178,1463675722716176033,trep_world,0.0,-1.40162913078,0.0
1463675722749792862,179,1463675722749346971,trep_world,0.0,-1.4116342565,0.0
1463675722762660339,180,1463675722762332916,trep_world,0.0,-1.41687640229,0.0
1463675722796480830,181,1463675722796256065,trep_world,0.0,-1.42589552388,0.0
1463675722829522847,182,1463675722828785896,trep_world,0.0,-1.43982802088,0.0
1463675722863280941,183,1463675722862447023,trep_world,0.0,-1.44868296795,0.0
1463675722914750066,184,1463675722914133071,trep_world,0.0,-1.45812049525,0.0
1463675722930365982,185,1463675722928545951,trep_world,0.0,-1.46486737409,0.0
1463675722963376215,186,1463675722962980985,trep_world,0.0,-1.46931548524,0.0
1463675722996900417,187,1463675722995934963,trep_world,0.0,-1.47375276609,0.0
1463675723029837319,188,1463675723028729915,trep_world,0.0,-1.47487956304,0.0
1463675723063950681,189,1463675723062226057,trep_world,0.0,-1.47397802305,0.0
1463675723139737216,190,1463675723139142036,trep_world,0.0,-1.47072883322,0.0
1463675723143379964,191,1463675723142956018,trep_world,0.0,-1.45214908131,0.0
1463675723164194211,192,1463675723163223028,trep_world,0.0,-1.43603027518,0.0
1463675723196570511,193,1463675723196187019,trep_world,0.0,-1.41841709239,0.0
1463675723230250801,194,1463675723228573083,trep_world,0.0,-1.38607384273,0.0
1463675723263937708,195,1463675723263283014,trep_world,0.0,-1.35915566682,0.0
1463675723330414461,196,1463675723330110073,trep_world,0.0,-1.33247984278,0.0
1463675723335509345,197,1463675723334925889,trep_world,0.0,-1.31597110977,0.0
1463675723363750160,198,1463675723362498044,trep_world,0.0,-1.31390583089,0.0
1463675723397393668,199,1463675723396972894,trep_world,0.0,-1.31571406323,0.0
1463675723431866523,200,1463675723430933952,trep_world,0.0,-1.32377635915,0.0
1463675723465540285,201,1463675723464622020,trep_world,0.0,-1.34413018618,0.0
1463675723497083658,202,1463675723495910882,trep_world,0.0,-1.40534340514,0.0
1463675723532595380,203,1463675723531883955,trep_world,0.0,-1.48101686834,0.0
1463675723564335274,204,1463675723561755895,trep_world,0.0,-1.54575767123,0.0
1463675723598108535,205,1463675723596232891,trep_world,0.0,-1.60990577966,0.0
1463675723630381012,206,1463675723629518032,trep_world,0.0,-1.65539215746,0.0
1463675723662680097,207,1463675723661837100,trep_world,0.0,-1.71805376809,0.0
1463675723731101586,208,1463675723730480909,trep_world,0.0,-1.78883884213,0.0
1463675723736978825,209,1463675723736462116,trep_world,0.0,-1.83883077337,0.0
1463675723763785352,210,1463675723763067007,trep_world,0.0,-1.86322443752,0.0
1463675723797300508,211,1463675723795950889,trep_world,0.0,-1.89160752238,0.0
1463675723831004397,212,1463675723830013990,trep_world,0.0,-1.93979102826,0.0
1463675723864571528,213,1463675723863651990,trep_world,0.0,-1.97387135759,0.0
1463675723922214331,214,1463675723921789884,trep_world,0.0,-1.99927553135,0.0
1463675723929662393,215,1463675723929184913,trep_world,0.0,-2.01370943122,0.0
1463675723964871619,216,1463675723962222099,trep_world,0.0,-2.01827011249,0.0
1463675723998323085,217,1463675723996413946,trep_world,0.0,-2.01953112386,0.0
1463675724029504298,218,1463675724029038906,trep_world,0.0,-2.01709405909,0.0
1463675724065043841,219,1463675724064060926,trep_world,0.0,-2.01151623994,0.0
1463675724136709997,220,1463675724135767936,trep_world,0.0,-1.99995874753,0.0
1463675724139136813,221,1463675724138859987,trep_world,0.0,-1.98497175823,0.0
1463675724164001517,222,1463675724162200927,trep_world,0.0,-1.97169253728,0.0
1463675724198398455,223,1463675724196975946,trep_world,0.0,-1.96031150697,0.0
1463675724230801466,224,1463675724230338096,trep_world,0.0,-1.95350229632,0.0
1463675724264840733,225,1463675724264405965,trep_world,0.0,-1.94703239447,0.0
1463675724326056564,226,1463675724325768947,trep_world,0.0,-1.93481019381,0.0
1463675724329076113,227,1463675724328887939,trep_world,0.0,-1.92211062539,0.0
1463675724364253404,228,1463675724363472938,trep_world,0.0,-1.91090644144,0.0
1463675724397183267,229,1463675724395766973,trep_world,0.0,-1.89747046856,0.0
1463675724429371955,230,1463675724428972959,trep_world,0.0,-1.88962965529,0.0
1463675724463361177,231,1463675724462215900,trep_world,0.0,-1.88026054215,0.0
1463675724532624398,232,1463675724531871080,trep_world,0.0,-1.85648182776,0.0
1463675724537463356,233,1463675724537235021,trep_world,0.0,-1.82458413374,0.0
1463675724566518352,234,1463675724564366102,trep_world,0.0,-1.78829006875,0.0
1463675724597886532,235,1463675724596460103,trep_world,0.0,-1.73160346523,0.0
1463675724631440987,236,1463675724630100965,trep_world,0.0,-1.65929473055,0.0
1463675724663095549,237,1463675724662683963,trep_world,0.0,-1.58038406565,0.0
1463675724723216610,238,1463675724722803115,trep_world,0.0,-1.46882622649,0.0
1463675724730179818,239,1463675724729260921,trep_world,0.0,-1.35218338703,0.0
1463675724764830793,240,1463675724763884067,trep_world,0.0,-1.27115866622,0.0
1463675724797583343,241,1463675724796974897,trep_world,0.0,-1.16265588652,0.0
1463675724831050576,242,1463675724829680919,trep_world,0.0,-1.0588794268,0.0
1463675724864990099,243,1463675724863799095,trep_world,0.0,-0.992076207292,0.0
1463675724949803302,244,1463675724949497938,trep_world,0.0,-0.909513445512,0.0
1463675724955091309,245,1463675724954765081,trep_world,0.0,-0.838053081119,0.0
1463675724962511511,246,1463675724961874008,trep_world,0.0,-0.809891967338,0.0
1463675724997805896,247,1463675724996850013,trep_world,0.0,-0.811882225417,0.0
1463675725031237339,248,1463675725030175924,trep_world,0.0,-0.817119081213,0.0
1463675725064246515,249,1463675725063687086,trep_world,0.0,-0.823288514801,0.0
1463675725123935368,250,1463675725123248100,trep_world,0.0,-0.836947816082,0.0
1463675725128675952,251,1463675725128468990,trep_world,0.0,-0.862087142253,0.0
1463675725162042829,252,1463675725161305904,trep_world,0.0,-0.90192518195,0.0
1463675725196671983,253,1463675725196239948,trep_world,0.0,-0.946533272031,0.0
1463675725229654057,254,1463675725229276895,trep_world,0.0,-0.983123224523,0.0
1463675725263304758,255,1463675725262919902,trep_world,0.0,-1.01759396054,0.0
1463675725324938978,256,1463675725324721097,trep_world,0.0,-1.07159693866,0.0
1463675725328416841,257,1463675725328238010,trep_world,0.0,-1.11976462173,0.0
1463675725364712095,258,1463675725363779067,trep_world,0.0,-1.14216668504,0.0
1463675725396853483,259,1463675725395375967,trep_world,0.0,-1.15579692411,0.0
1463675725431475422,260,1463675725429604053,trep_world,0.0,-1.1502561277,0.0
1463675725463245210,261,1463675725462882995,trep_world,0.0,-1.12742618506,0.0
1463675725528054295,262,1463675725527637958,trep_world,0.0,-1.08684432573,0.0
1463675725532565885,263,1463675725532170057,trep_world,0.0,-1.02745834027,0.0
1463675725562869030,264,1463675725562311887,trep_world,0.0,-0.952980477415,0.0
1463675725597188925,265,1463675725596743106,trep_world,0.0,-0.832056173835,0.0
1463675725631765572,266,1463675725630003929,trep_world,0.0,-0.702954795033,0.0
1463675725663901524,267,1463675725663340091,trep_world,0.0,-0.621687498594,0.0
1463675725742637195,268,1463675725740555047,trep_world,0.0,-0.506719337011,0.0
1463675725747860427,269,1463675725747100114,trep_world,0.0,-0.360381198361,0.0
1463675725764605987,270,1463675725764193058,trep_world,0.0,-0.296752165932,0.0
1463675725797573098,271,1463675725795772075,trep_world,0.0,-0.273171296895,0.0
1463675725830358604,272,1463675725829418897,trep_world,0.0,-0.245346420069,0.0
1463675725865124146,273,1463675725863902091,trep_world,0.0,-0.242232755941,0.0
1463675725896655485,274,1463675725896245956,trep_world,0.0,-0.250773413837,0.0
1463675725945301546,275,1463675725943934917,trep_world,0.0,-0.265791091391,0.0
1463675725964576385,276,1463675725962485074,trep_world,0.0,-0.282263129264,0.0
1463675725996048417,277,1463675725995843887,trep_world,0.0,-0.297591834285,0.0
1463675726029802939,278,1463675726029504060,trep_world,0.0,-0.311678270537,0.0
1463675726063296718,279,1463675726062874078,trep_world,0.0,-0.327835676031,0.0
1463675726124863037,280,1463675726124500036,trep_world,0.0,-0.346535177742,0.0
1463675726131221816,281,1463675726130264043,trep_world,0.0,-0.358920178146,0.0
1463675726164611921,282,1463675726164207935,trep_world,0.0,-0.361425399368,0.0
1463675726196337357,283,1463675726195816040,trep_world,0.0,-0.361617156034,0.0
1463675726232373884,284,1463675726230093955,trep_world,0.0,-0.360618614003,0.0
1463675726266144540,285,1463675726264787912,trep_world,0.0,-0.357478969333,0.0
1463675726327078064,286,1463675726326725959,trep_world,0.0,-0.354371027525,0.0
1463675726333045322,287,1463675726332803964,trep_world,0.0,-0.353506190532,0.0
1463675726363559674,288,1463675726362783908,trep_world,0.0,-0.353394085664,0.0
1463675726396165465,289,1463675726395545959,trep_world,0.0,-0.353041244968,0.0
1463675726429979271,290,1463675726428642034,trep_world,0.0,-0.353120728311,0.0
1463675726463197937,291,1463675726461803913,trep_world,0.0,-0.355521110895,0.0
1463675726531165943,292,1463675726528763055,trep_world,0.0,-0.362701771099,0.0
1463675726534132906,293,1463675726533931970,trep_world,0.0,-0.38829486941,0.0
1463675726563815987,294,1463675726563184976,trep_world,0.0,-0.420337189808,0.0
1463675726597895700,295,1463675726596554040,trep_world,0.0,-0.445649617261,0.0
1463675726630972645,296,1463675726629885911,trep_world,0.0,-0.483565265929,0.0
1463675726664600257,297,1463675726662528991,trep_world,0.0,-0.542574101266,0.0
1463675726734563616,298,1463675726734008073,trep_world,0.0,-0.598593145384,0.0
1463675726737671045,299,1463675726737206935,trep_world,0.0,-0.628762695298,0.0
1463675726761756277,300,1463675726761531114,trep_world,0.0,-0.640268308857,0.0
1463675726797433142,301,1463675726795454978,trep_world,0.0,-0.642195224512,0.0
