%time,field.sys_time,field.q0,field.q1,field.dq0,field.dq1,field.sac0,field.u0
1463676026015091977,0.0,0.0,0.0,0.0,0.0,0.0,-0.21149662137
1463676026028479756,0.0166666675359,3.13533473015,-3.17502951622,-0.375480830669,0.377122431993,0.0,-0.21149662137
1463676026062251074,0.0500000007451,3.12783050537,-3.16741418839,-0.074772849679,0.0797963365912,0.0,-0.21149662137
1463676026117370392,0.0833333358169,3.1302280426,-3.16958236694,0.21862693131,-0.209890857339,0.0,-0.21149662137
1463676026128399509,0.116666667163,3.1413166523,-3.18036031723,0.446689575911,-0.436790823936,0.0,-0.21149662137
1463676026161942239,0.15000000596,3.13993668556,-3.17863082886,-0.529477655888,0.540566682816,0.0,-0.21149662137
1463676026194624225,0.183333337307,3.12983393669,-3.16811966896,-0.0766986533999,0.090105034411,0.0,-0.21149662137
1463676026228124438,0.216666668653,3.1240541935,-3.16180539131,-0.27008625865,0.288746714592,0.0,-0.21149662137
1463676026261625770,0.25,3.12395238876,-3.16099524498,0.263979882002,-0.240131109953,0.0,-0.21149662137
1463676026294436297,0.283333331347,3.12889933586,-3.16506505013,0.0328334793448,-0.00406170729548,0.0,-0.21149662137
1463676026327676494,0.316666662693,3.12831902504,-3.16345310211,-0.0676430240273,0.100780695677,0.0,-0.21149662137
1463676026361567268,0.34999999404,3.12970972061,-3.16367506981,0.151084885001,-0.114107899368,0.0,-0.21149662137
1463676026394639313,0.383333325386,3.13430905342,-3.16699314117,0.124869585037,-0.0849659442902,0.0,-0.21149662137
1463676026428205948,0.416666656733,3.13703608513,-3.1683588028,0.0387583747506,0.00301753403619,0.0,-0.21149662137
1463676026461477124,0.449999988079,3.13208341599,-3.16196584702,-0.335925191641,0.380557656288,0.0,-0.21149662137
1463676026530346048,0.483333319426,3.13343048096,-3.1617898941,0.416757434607,-0.370001137257,0.0,-0.21149662137
1463676026537859143,0.516666650772,3.13303685188,-3.15978050232,-0.440374076366,0.490576177835,0.0,-0.21149662137
1463676026562686813,0.550000011921,3.12659597397,-3.15160417557,0.0539141967893,0.0,0.0,-0.21149662137
1463676026596012211,0.583333313465,3.12088322639,-3.14398550987,-0.396675765514,0.457124143839,0.0,-0.21149662137
1463676026627886947,0.616666674614,3.10608029366,-3.12700009346,-0.491503328085,0.561991989613,0.0,-0.21149662137
1463676026661566855,0.649999976158,3.08607292175,-3.10437250137,-0.708933949471,0.79566848278,0.0,-0.21149662137
1463676026716158157,0.683333337307,3.05026769638,-3.06521439552,-1.43937683105,1.55382192135,0.0,-0.21149662137
1463676026728833497,0.716666638851,2.9865591526,-2.99687099457,-2.38314557076,2.54677081108,0.0,-0.21149662137
1463676026762296966,0.75,2.9034948349,-2.90713572502,-2.60070800781,2.83735132217,0.0,-0.21149662137
1463676026795302640,0.783333361149,2.81973433495,-2.8139629364,-2.42492222786,2.75300955772,0.0,-0.21149662137
1463676026830074926,0.816666662693,2.69004940987,-2.66794967651,-5.35617113113,6.00779342651,0.0,-0.21149662137
1463676026862633230,0.850000023842,2.55088353157,-2.5100209713,-2.99378848076,3.46793341637,0.0,-0.21149662137
1463676026921630257,0.883333325386,2.44303154945,-2.38021564484,-3.47732257843,4.32038640976,-22.7555389404,-0.21149662137
1463676026929254998,0.916666686535,2.32128858566,-2.22292733192,-3.82726264,5.11690044403,-22.7555389404,-0.21149662137
1463676026960975301,0.949999988079,2.20048308372,-2.05621886253,-3.42106795311,4.88561010361,-22.7555389404,-0.21149662137
1463676026995127549,0.983333349228,2.06280946732,-1.84125578403,-4.83933925629,8.01218128204,-22.7555389404,-0.21149662137
1463676027029451401,1.01666665077,1.9115973711,-1.58649802208,-4.23339176178,7.27328300476,-22.7555389404,-0.21149662137
1463676027061302223,1.04999995232,1.77614557743,-1.34510338306,-3.89372038841,7.21039390564,-22.7555389404,-0.21149662137
1463676027104532415,1.08333337307,1.64095103741,-1.0268419981,-4.21794843674,11.8852853775,-22.7555389404,-0.21149662137
1463676027135682714,1.11666667461,1.50591623783,-0.727737247944,-3.88414096832,6.06100177765,0.0,-0.21149662137
1463676027162809828,1.14999997616,1.37622785568,-0.569961905479,-3.89716458321,3.40552067757,0.0,-0.21149662137
1463676027195268131,1.1833332777,1.2676461935,-0.394210666418,-2.61772990227,7.13955307007,0.0,-0.21149662137
1463676027228643747,1.21666669846,1.16259551048,-0.223894104362,-3.68531489372,3.07944059372,0.0,-0.21149662137
1463676027262251870,1.25,1.03352308273,-0.14593565464,-4.05902957916,1.59806632996,0.0,-0.21149662137
1463676027318609584,1.28333330154,0.922365307808,-0.0582797788084,-2.61043739319,3.66128635406,0.0,-0.21149662137
1463676027327969395,1.3166667223,0.818574249744,0.0307911392301,-3.6170270443,1.68296873569,0.0,-0.21149662137
1463676027361968514,1.35000002384,0.687813699245,0.0675915703177,-4.2286028862,0.525057137012,0.0,-0.21149662137
1463676027394651835,1.38333332539,0.546774446964,0.080993950367,-4.23375225067,0.279085487127,0.0,-0.21149662137
1463676027429179432,1.41666662693,0.403506547213,0.0849643424153,-4.36232423782,-0.0408617928624,0.0,-0.21149662137
1463676027462146157,1.45000004768,0.26012301445,0.083748459816,-4.24068832397,-0.032091178,0.0,-0.21149662137
1463676027526516683,1.48333334923,0.120838388801,0.0836213380098,-4.11638832092,0.0244637019932,0.0,-0.21149662137
1463676027531092512,1.51666665077,-0.0141397053376,0.0862695872784,-3.9822974205,0.134431421757,0.0,-0.21149662137
1463676027562250719,1.54999995232,-0.145226955414,0.0927342474461,-3.88293719292,0.253447920084,0.0,-0.21149662137
1463676027595172054,1.58333337307,-0.266830325127,0.110214680433,-3.41326522827,0.79537820816,0.0,-0.21149662137
1463676027629163932,1.61666667461,-0.376713037491,0.14255066216,-3.17969799042,1.14478099346,0.0,-0.21149662137
1463676027661578646,1.64999997616,-0.470764160156,0.196228191257,-2.46336913109,2.0758702755,0.0,-0.21149662137
1463676027706690257,1.6833332777,-0.524651646614,0.300779789686,-0.769878745079,4.19722557068,0.0,-0.21149662137
1463676027727532889,1.71666669846,-0.575448215008,0.414644181728,-2.27791571617,2.63463711739,0.0,-0.21149662137
1463676027761214367,1.75,-0.667850315571,0.486080288887,-3.2662127018,1.65152943134,0.0,-0.21149662137
1463676027794551446,1.78333330154,-0.75546246767,0.574144005775,-1.99051558971,3.6322927475,0.0,-0.21149662137
1463676027829623572,1.8166667223,-0.844079971313,0.669020175934,-3.32653284073,2.06027770042,0.0,-0.21149662137
1463676027862539103,1.85000002384,-0.968257665634,0.723034799099,-4.12413167953,1.18060207367,0.0,-0.21149662137
1463676027932052533,1.88333332539,-1.10168230534,0.77929764986,-3.88134884834,2.19516658783,0.0,-0.21149662137
1463676027936964803,1.91666662693,-1.24794125557,0.822035431862,-4.89418649673,0.369100153446,0.0,-0.21149662137
1463676027960892119,1.95000004768,-1.41743147373,0.829254984856,-5.27522706985,0.0640741735697,0.0,-0.21149662137
1463676027994502788,1.98333334923,-1.59902667999,0.823855340481,-5.6204791069,-0.388054013252,0.0,-0.21149662137
1463676028028045105,2.01666665077,-1.79141306877,0.809474945068,-5.92270469666,-0.474769204855,0.0,-0.21149662137
1463676028061178379,2.04999995232,-1.99464809895,0.79633808136,-6.27139759064,-0.313442647457,0.0,-0.21149662137
1463676028112558353,2.08333325386,-2.20958662033,0.788667440414,-6.62491321564,-0.146793991327,0.0,-0.21149662137
1463676028144440608,2.1166665554,-2.43362355232,0.78295558691,-6.81731033325,-0.195916250348,0.0,-0.21149662137
1463676028161501502,2.15000009537,-2.66333413124,0.775989532471,-6.96531295776,-0.222047403455,0.0,-0.21149662137
1463676028194766694,2.18333339691,-2.89422559738,0.765385806561,-6.88818502426,-0.414175659418,0.0,-0.21149662137
1463676028228469233,2.21666669846,-3.12676715851,0.754011809826,-7.06430959702,-0.268267184496,0.0,-0.21149662137
1463676028261452634,2.25,-3.36158323288,0.745157063007,-7.02465581894,-0.263015717268,0.0,-0.21149662137
1463676028294416883,2.28333330154,-3.59252548218,0.735079824924,-6.83187150955,-0.341617465019,0.0,-0.21149662137
1463676028327463733,2.31666660309,-3.81932902336,0.726229190826,-6.77635002136,-0.18942078948,0.0,-0.21149662137
1463676028362586675,2.34999990463,-4.04007577896,0.718338787556,-6.46844053268,-0.284005582333,0.0,-0.21149662137
1463676028395142221,2.3833334446,-4.25140190125,0.709713757038,-6.211145401,-0.233494117856,0.0,-0.21149662137
1463676028428598433,2.41666674614,-4.45434522629,0.705183744431,-5.96544313431,-0.038306966424,0.0,-0.21149662137
1463676028462013636,2.45000004768,-4.64792966843,0.705465555191,-5.64961767197,0.0552130676806,0.0,-0.21149662137
1463676028513394339,2.48333334923,-4.8307299614,0.7055336833,-5.31840419769,-0.0511226691306,0.0,-0.21149662137
1463676028541265939,2.51666665077,-5.003657341,0.698483705521,-5.05723619461,-0.371875405312,35.0,-0.21149662137
1463676028561864315,2.54999995232,-5.16573429108,0.689644098282,-4.66738080978,-0.158502593637,35.0,-0.21149662137
1463676028596192229,2.58333325386,-5.31775188446,0.681896150112,-4.4536690712,-0.306374818087,35.0,-0.21149662137
1463676028628284964,2.6166665554,-5.47146892548,0.656445324421,-4.7693567276,-1.22067546844,35.0,-0.21149662137
1463676028661819588,2.65000009537,-5.62083339691,0.62358635664,-4.1925034523,-0.750860631466,35.0,-0.21149662137
1463676028735838303,2.68333339691,-5.77653360367,0.575649619102,-5.14951086044,-2.12534403801,35.0,-0.21149662137
1463676028741419283,2.71666669846,-5.9304227829,0.521576166153,-4.08385467529,-1.11906206608,0.0,-0.21149662137
1463676028761030234,2.75,-6.06043672562,0.488913863897,-3.71698737144,-0.840676963329,0.0,-0.21149662137
1463676028794547991,2.78333330154,-6.17591238022,0.468412131071,-3.21155548096,-0.389427512884,0.0,-0.21149662137
1463676028829489428,2.81666660309,-6.27349805832,0.464507192373,-2.6435816288,0.155131176114,0.0,-0.21149662137
1463676028862317298,2.84999990463,-6.35745429993,0.473950594664,-2.39377379417,0.411472439766,0.0,-0.21149662137
1463676028923056131,2.8833334446,-6.43389797211,0.491589456797,-2.19284319878,0.646859109402,0.0,-0.21149662137
1463676028932264251,2.91666674614,-6.49788618088,0.523379743099,-1.64647126198,1.26056015491,0.0,-0.21149662137
1463676028962495491,2.95000004768,-6.55687141418,0.562474131584,-1.89262449741,1.08510100842,0.0,-0.21149662137
1463676028994659653,2.98333334923,-6.59094429016,0.630707085133,-0.151744648814,3.00887680054,0.0,-0.21149662137
1463676029028724529,3.01666665077,-6.63599491119,0.690777122974,-2.55131030083,0.595326304436,0.0,-0.21149662137
1463676029061860418,3.04999995232,-6.72059726715,0.713292717934,-2.52482771873,0.755609273911,0.0,-0.21149662137
1463676029133413256,3.08333325386,-6.80295038223,0.74326556921,-2.41635870934,1.04276037216,0.0,-0.21149662137
1463676029145151649,3.1166665554,-6.8880739212,0.77595770359,-2.69106721878,0.91876989603,0.0,-0.21149662137
1463676029161535921,3.15000009537,-6.99320697784,0.791270554066,-3.61690878868,0.0,0.0,-0.21149662137
1463676029195022135,3.18333339691,-7.11668777466,0.79234290123,-3.79193878174,0.0643398761749,0.0,-0.21149662137
1463676029229158681,3.21666669846,-7.24911355972,0.791475057602,-4.15361642838,-0.116411067545,0.0,-0.21149662137
1463676029262493450,3.25,-7.39140129089,0.789010763168,-4.38363838196,-0.0314449667931,0.0,-0.21149662137
1463676029332107562,3.28333330154,-7.54465770721,0.782095074654,-4.81173563004,-0.383495032787,0.0,-0.21149662137
1463676029344149117,3.31666660309,-7.71162366867,0.763043045998,-5.20621919632,-0.759629070759,0.0,-0.21149662137
1463676029363313404,3.34999990463,-7.88972377777,0.75038254261,-5.47979974747,0.0,0.0,-0.21149662137
1463676029394585862,3.3833334446,-8.07732582092,0.748205542564,-5.77633857727,-0.130621731281,0.0,-0.21149662137
1463676029427446034,3.41666674614,-8.27501583099,0.744393110275,-6.08503103256,-0.0981211066246,0.0,-0.21149662137
1463676029461244252,3.45000004768,-8.48126029968,0.738918244839,-6.28966331482,-0.230374127626,0.0,-0.21149662137
1463676029497009424,3.48333334923,-8.69561195374,0.732518136501,-6.57142877579,-0.153631195426,0.0,-0.21149662137
1463676029550012350,3.51666665077,-8.91941452026,0.72960883379,-6.85671234131,-0.0209258142859,0.0,-0.21149662137
1463676029560514036,3.54999995232,-9.1528301239,0.73213994503,-7.148250103,0.172791421413,0.0,-0.21149662137
1463676029595141007,3.58333325386,-9.38980770111,0.735961973667,-7.07039213181,0.0565304867923,0.0,-0.21149662137
1463676029628283106,3.6166665554,-9.61954116821,0.7325335145,-6.71358728409,-0.262239426374,0.0,-0.21149662137
1463676029663467647,3.65000009537,-9.84582519531,0.728305220604,-6.86348056793,0.00854422803968,0.0,-0.21149662137
1463676029717262381,3.68333339691,-10.0713157654,0.72818416357,-6.66597318649,-0.0158091969788,0.0,-0.21149662137
1463676029729000512,3.71666669846,-10.2909069061,0.729422688484,-6.50945711136,0.0901219621301,0.0,-0.21149662137
1463676029762074896,3.75,-10.5017461777,0.729776084423,-6.14088869095,-0.0689191743731,0.0,-0.21149662137
1463676029796412877,3.78333330154,-10.7000389099,0.724245965481,-5.75667762756,-0.262887626886,0.0,-0.21149662137
1463676029828145737,3.81666660309,-10.8869638443,0.718001484871,-5.45884227753,-0.111779600382,0.0,-0.21149662137
1463676029861586319,3.84999990463,-11.063375473,0.715383112431,-5.12585258484,-0.0453257225454,0.0,-0.21149662137
1463676029911296496,3.8833334446,-11.2286930084,0.714140594006,-4.79320764542,-0.0292243584991,0.0,-0.21149662137
1463676029943603440,3.91666674614,-11.3831892014,0.713098466396,-4.47656345367,-0.0333017632365,25.3765544891,-0.21149662137
1463676029961995761,3.95000004768,-11.5282411575,0.710153758526,-4.22652673721,-0.143383204937,25.3765544891,-0.21149662137
1463676029994706804,3.98333334923,-11.6642141342,0.705930054188,-3.93187403679,-0.110038712621,25.3765544891,-0.21149662137
1463676030028675168,4.01666688919,-11.7927560806,0.699839651585,-3.78061962128,-0.255382806063,25.3765544891,-0.21149662137
1463676030061463061,4.05000019073,-11.9169178009,0.688962638378,-3.66912007332,-0.397238433361,25.3765544891,-0.21149662137
1463676030132140814,4.08333349228,-12.0491743088,0.660060763359,-4.2662563324,-1.33687436581,25.3765544891,-0.21149662137
1463676030135512677,4.11666679382,-12.187707901,0.616830945015,-4.04574871063,-1.25691437721,0.0,-0.21149662137
1463676030162383483,4.15000009537,-12.3228597641,0.572764754295,-4.06339359283,-1.38705778122,0.0,-0.21149662137
1463676030194571510,4.18333339691,-12.4548969269,0.528898894787,-3.85882711411,-1.24489307404,0.0,-0.21149662137
1463676030231400164,4.21666669846,-12.5706329346,0.499898850918,-3.08533573151,-0.49511089921,0.0,-0.21149662137
1463676030261625329,4.25,-12.6557893753,0.501293778419,-2.02402591705,0.578804850578,0.0,-0.21149662137
1463676030330506203,4.28333330154,-12.7110004425,0.53354203701,-1.2886595726,1.35609328747,0.0,-0.21149662137
1463676030337263012,4.31666660309,-12.731678009,0.602193117142,0.047995172441,2.76297044754,0.0,-0.21149662137
1463676030361385157,4.34999990463,-12.7594251633,0.665473163128,-1.7128020525,1.03383386135,0.0,-0.21149662137
1463676030394585681,4.38333320618,-12.8104076385,0.707371652126,-1.34615468979,1.48007404804,0.0,-0.21149662137
1463676030428162591,4.41666650772,-12.8505897522,0.763013839722,-1.06478369236,1.85845649242,0.0,-0.21149662137
1463676030462112805,4.44999980927,-12.8856344223,0.827097713947,-1.03789329529,1.9865758419,0.0,-0.21149662137
1463676030544545449,4.48333311081,-12.889339447,0.927890241146,0.815629243851,4.06097698212,0.0,-0.21149662137
1463676030550908845,4.51666688919,-12.8576726913,1.06971359253,1.08436203003,4.44842243195,0.0,-0.21149662137
1463676030560839434,4.55000019073,-12.8944978714,1.14385390282,-3.29389953613,0.0,0.0,-0.21149662137
1463676030594541381,4.58333349228,-12.9570426941,1.19684743881,-0.458793580532,3.17961001396,0.0,-0.21149662137
1463676030628363019,4.61666679382,-12.9902582169,1.28567564487,-1.53411900997,2.15008449554,0.0,-0.21149662137
1463676030661772683,4.65000009537,-13.0467996597,1.35392725468,-1.85834634304,1.9450109005,0.0,-0.21149662137
1463676030695509974,4.68333339691,-13.1001091003,1.43165886402,-1.34023165703,2.71888232231,0.0,-0.21149662137
1463676030731249298,4.71666669846,-13.1861429214,1.47697353363,-3.82183074951,0.0,0.0,-0.21149662137
1463676030761704038,4.75,-13.2727565765,1.53382670879,-1.37495577335,3.41119384766,0.0,-0.21149662137
1463676030795399942,4.78333330154,-13.3363447189,1.62852883339,-2.44036412239,2.27093315125,0.0,-0.21149662137
1463676030828260565,4.81666660309,-13.4372797012,1.68143546581,-3.615691185,0.903465569019,0.0,-0.21149662137
1463676030861569485,4.84999990463,-13.5690021515,1.69994866848,-4.28768157959,0.207322910428,0.0,-0.21149662137
1463676030894840978,4.88333320618,-13.7186136246,1.70260572433,-4.68902301788,-0.0478989593685,0.0,-0.21149662137
1463676030949881675,4.91666650772,-13.8813037872,1.69681715965,-5.07234859467,-0.299412786961,0.0,-0.21149662137
1463676030961481812,4.94999980927,-14.054731369,1.69182693958,-5.33329439163,0.0,0.0,-0.21149662137
1463676030995326630,4.98333311081,-14.2376785278,1.67711699009,-5.64354372025,-0.882599294186,0.0,-0.21149662137
1463676031029021869,5.01666688919,-14.4311113358,1.64857923985,-5.96246004105,-0.829664647579,0.0,-0.21149662137
1463676031062924699,5.05000019073,-14.6338529587,1.61877810955,-6.20204639435,-0.958405733109,0.0,-0.21149662137
1463676031138001705,5.08333349228,-14.8415651321,1.5810033083,-6.26065969467,-1.30808103085,0.0,-0.21149662137
1463676031143283867,5.11666679382,-15.0458126068,1.52636861801,-5.99418544769,-1.96999788284,0.0,-0.21149662137
1463676031161564518,5.15000009537,-15.2640094757,1.47925591469,-7.09760856628,-0.856763482094,0.0,-0.21149662137
1463676031194845023,5.18333339691,-15.5029449463,1.45157051086,-7.23853302002,-0.804364681244,0.0,-0.21149662137
1463676031228452577,5.21666669846,-15.7319993973,1.41223120689,-6.5047249794,-1.55599367619,0.0,-0.21149662137
1463676031261489903,5.25,-15.9639873505,1.376552701,-7.41456747055,-0.584717333317,0.0,-0.21149662137
1463676031294594346,5.28333330154,-16.2126731873,1.36106657982,-7.50661277771,-0.344448059797,0.0,-0.21149662137
1463676031332366715,5.31666660309,-16.4616584778,1.35222315788,-7.43241977692,-0.186154097319,0.0,-0.21149662137
1463676031362655665,5.34999990463,-16.6994838715,1.33731877804,-6.83710670471,-0.708109200001,0.0,-0.21149662137
1463676031395591184,5.38333320618,-16.9237880707,1.31683754921,-6.62115764618,-0.520769536495,0.0,-0.21149662137
1463676031429328162,5.41666650772,-17.139257431,1.3002396822,-6.30702352524,-0.475102841854,0.0,-0.21149662137
1463676031462103066,5.44999980927,-17.3439102173,1.28433775902,-5.972219944,-0.479012191296,0.0,-0.21149662137
1463676031513508115,5.48333311081,-17.5379695892,1.26539862156,-5.67124223709,-0.657336771488,0.0,-0.21149662137
1463676031544414511,5.51666688919,-17.7261352539,1.23094785213,-5.61870861053,-1.40970909595,0.0,-0.21149662137
1463676031561701367,5.55000019073,-17.902217865,1.19633626938,-4.94623041153,-0.666984081268,0.0,-0.21149662137
1463676031594656622,5.58333349228,-18.0696430206,1.16363418102,-5.09936523438,-1.29513776302,0.0,-0.21149662137
1463676031629534067,5.61666679382,-18.2331180573,1.12419831753,-4.70909166336,-1.07101643085,0.0,-0.21149662137
1463676031661743253,5.65000009537,-18.3898983002,1.08533799648,-4.69769001007,-1.26060581207,0.0,-0.21149662137
1463676031735733266,5.68333339691,-18.5394306183,1.04857170582,-4.27430200577,-0.945365905762,0.0,-0.21149662137
1463676031742547806,5.71666669846,-18.6606674194,1.03740668297,-2.99990701675,0.275463789701,0.0,-0.21149662137
1463676031762366436,5.75,-18.764383316,1.04199779034,-3.22307682037,0.0,0.0,-0.21149662137
1463676031794844817,5.78333330154,-18.8342227936,1.07930791378,-0.967258572578,2.2386071682,0.0,-0.21149662137
1463676031828375151,5.81666660309,-18.8817119598,1.13866829872,-1.88209950924,1.32301902771,0.0,-0.21149662137
1463676031861968884,5.84999990463,-18.9315128326,1.19601643085,-1.10594522953,2.11786651611,0.0,-0.21149662137
1463676031930408155,5.88333320618,-18.9346504211,1.30099093914,0.917723953724,4.18060302734,0.0,-0.21149662137
1463676031933162625,5.91666650772,-18.9248466492,1.419942379,-0.32950308919,2.95648360252,0.0,-0.21149662137
1463676031961710238,5.94999980927,-18.9319972992,1.52276623249,-0.0995128601789,3.21294641495,0.0,-0.21149662137
1463676031994810405,5.98333311081,-18.9577007294,1.60786950588,-1.44270825386,1.89325320721,0.0,-0.21149662137
1463676032028894031,6.01666688919,-18.9556522369,1.72216975689,1.56556880474,4.96476221085,0.0,-0.21149662137
1463676032061783778,6.05000019073,-18.9398899078,1.85166609287,-0.619834542274,2.80501461029,0.0,-0.21149662137
1463676032117601045,6.08333349228,-18.9610900879,1.94515943527,-0.652108132839,2.80458402634,0.0,-0.21149662137
1463676032127959414,6.11666679382,-18.9797859192,2.04235935211,-0.469661533833,3.02741789818,0.0,-0.21149662137
1463676032161283087,6.15000009537,-18.9857463837,2.15379571915,0.11197180301,3.65876150131,0.0,-0.21149662137
1463676032196139843,6.18333339691,-18.9979095459,2.26046729088,-0.841700792313,2.74152827263,0.0,-0.21149662137
1463676032228974435,6.21666669846,-19.0298938751,2.34874176979,-1.07738232613,2.55494999886,0.0,-0.21149662137
1463676032261285065,6.25,-19.0722026825,2.42845010757,-1.46111893654,2.22755026817,0.0,-0.21149662137
1463676032313915624,6.28333330154,-19.1053752899,2.52004384995,-0.529289484024,3.26807117462,0.0,-0.21149662137
1463676032353099598,6.31666660309,-19.141872406,2.61091423035,-1.66051924229,2.18414616585,0.0,-0.21149662137
1463676032361008143,6.34999990463,-19.2334899902,2.64731669426,-3.83655643463,0.0,0.0,-0.21149662137
1463676032394595939,6.38333320618,-19.3582496643,2.65326666832,-3.64897584915,0.357000410557,0.0,-0.21149662137
1463676032428137442,6.41666650772,-19.4754123688,2.6738216877,-3.38083410263,0.876307010651,0.0,-0.21149662137
1463676032461807371,6.44999980927,-19.6010837555,2.69063591957,-4.15947818756,0.132547721267,0.0,-0.21149662137
1463676032515132414,6.48333311081,-19.7335834503,2.70971727371,-3.79048490524,1.01232755184,0.0,-0.21149662137
1463676032528305175,6.51666688919,-19.8665447235,2.73952627182,-4.18710136414,0.776209056377,0.0,-0.21149662137
1463676032563495695,6.55000019073,-20.0159454346,2.75437855721,-4.77703762054,0.114932246506,0.0,-0.21149662137
1463676032594729029,6.58333349228,-20.1808776855,2.75606322289,-5.11889600754,-0.0138529902324,0.0,-0.21149662137
1463676032628021608,6.61666679382,-20.3566188812,2.75628995895,-5.42549133301,0.027460096404,0.0,-0.21149662137
1463676032661133963,6.65000009537,-20.5427131653,2.75650143623,-5.74024057388,-0.0147678218782,0.0,-0.21149662137
1463676032695288700,6.68333339691,-20.7392711639,2.75643324852,-6.05321455002,0.0106788668782,0.0,-0.21149662137
1463676032740241155,6.71666669846,-20.9455528259,2.75615167618,-6.32370948792,-0.0275823306292,0.0,-0.21149662137
1463676032762364742,6.75,-21.1599617004,2.75427126884,-6.54081249237,-0.0852393805981,0.0,-0.21149662137
1463676032796879967,6.78333330154,-21.380771637,2.75062847137,-6.70773601532,-0.13332785666,0.0,-0.21149662137
1463676032828877705,6.81666660309,-21.6065826416,2.74598908424,-6.84094142914,-0.145039379597,0.0,-0.21149662137
1463676032862417190,6.84999990463,-21.8348789215,2.74013376236,-6.85685110092,-0.206278696656,0.0,-0.21149662137
1463676032918304857,6.88333320618,-22.0527229309,2.72249984741,-6.21374177933,-0.851758539677,0.0,-0.21149662137
1463676032929321591,6.91666650772,-22.2732658386,2.70876765251,-7.01881742477,0.0278283562511,0.0,-0.21149662137
1463676032962837605,6.94999980927,-22.4963283539,2.7003660202,-6.36495876312,-0.531917691231,0.0,-0.21149662137
1463676032995408779,6.98333311081,-22.7101230621,2.68861150742,-6.46279287338,-0.173360541463,0.0,-0.21149662137
1463676033028991993,7.01666688919,-22.91979599,2.68046808243,-6.11758995056,-0.315241664648,0.0,-0.21149662137
1463676033062171736,7.05000019073,-23.1185722351,2.66929507256,-5.8089389801,-0.355139493942,0.0,-0.21149662137
1463676033115556968,7.08333349228,-23.30418396,2.64930129051,-5.32778024673,-0.844483196735,0.0,-0.21149662137
1463676033127804226,7.11666679382,-23.4759044647,2.61883282661,-4.97546434402,-0.983630359173,0.0,-0.21149662137
1463676033161167689,7.15000009537,-23.6361942291,2.58454871178,-4.64185619354,-1.07342207432,0.0,-0.21149662137
1463676033195294844,7.18333339691,-23.7849998474,2.5516140461,-4.2865562439,-0.902651250362,0.0,-0.21149662137
1463676033229139621,7.21666669846,-23.9213447571,2.52573919296,-3.89407205582,-0.649838328362,0.0,-0.21149662137
1463676033262392573,7.25,-24.0472278595,2.50130605698,-3.65893816948,-0.81615370512,0.0,-0.21149662137
1463676033310931950,7.28333330154,-24.1573925018,2.48765063286,-2.95095896721,-0.00317153660581,0.0,-0.21149662137
1463676033351493975,7.31666660309,-24.2582893372,2.47597289085,-3.10279369354,-0.697492539883,35.0,-0.21149662137
1463676033361470035,7.34999990463,-24.3497180939,2.46434807777,-2.38299322128,0.0,35.0,-0.21149662137
1463676033395688198,7.38333320618,-24.4284820557,2.46016478539,-2.34282445908,-0.250993013382,35.0,-0.21149662137
1463676033428222829,7.41666650772,-24.5130710602,2.43920755386,-2.73252272606,-1.00644171238,35.0,-0.21149662137
1463676033461587469,7.44999980927,-24.5966892242,2.41092467308,-2.28456330299,-0.690532922745,35.0,-0.21149662137
1463676033534378498,7.48333311081,-24.6914367676,2.3637752533,-3.40024757385,-2.13842749596,0.0,-0.21149662137
1463676033537641893,7.51666688919,-24.7695217133,2.32813477516,-1.2848662138,0.0,0.0,-0.21149662137
1463676033561052500,7.55000019073,-24.8361320496,2.30096840858,-2.7117421627,-1.62998080254,0.0,-0.21149662137
1463676033595357256,7.58333349228,-24.9304103851,2.24116110802,-2.94504714012,-1.95846068859,0.0,-0.21149662137
1463676033628115301,7.61666679382,-25.0064334869,2.19730567932,-1.61629533768,-0.672865211964,0.0,-0.21149662137
1463676033661512543,7.65000009537,-25.0629024506,2.17168784142,-1.77186989784,-0.864209294319,0.0,-0.21149662137
1463676033721860297,7.68333339691,-25.1234970093,2.14108276367,-1.86372578144,-0.972087025642,0.0,-0.21149662137
1463676033740457209,7.71666669846,-25.1744194031,2.11993217468,-1.19165492058,-0.296951204538,0.0,-0.21149662137
1463676033762970907,7.75,-25.2094974518,2.11498308182,-0.913035392761,0.0,0.0,-0.21149662137
1463676033795216076,7.78333330154,-25.2403430939,2.115046978,-0.93774497509,0.00383968302049,0.0,-0.21149662137
1463676033828454648,7.81666660309,-25.2693023682,2.11813855171,-0.799747228622,0.181654930115,0.0,-0.21149662137
1463676033862330019,7.84999990463,-25.2900886536,2.1309261322,-0.447472780943,0.585591316223,0.0,-0.21149662137
1463676033894834997,7.88333320618,-25.2845535278,2.17204761505,0.779567241669,1.88169825077,0.0,-0.21149662137
1463676033927636320,7.91666650772,-25.2610492706,2.23305296898,0.630736172199,1.77863359451,0.0,-0.21149662137
1463676033962256943,7.94999980927,-25.2544822693,2.27846121788,-0.236745104194,0.945853292942,0.0,-0.21149662137
1463676033996126343,7.98333311081,-25.2522697449,2.32084536552,0.369510740042,1.59719216824,0.0,-0.21149662137
1463676034029099722,8.01666641235,-25.2469024658,2.36772847176,-0.0475059635937,1.21579897404,0.0,-0.21149662137
1463676034061968951,8.05000019073,-25.2599563599,2.39734768867,-0.735725462437,0.561361253262,0.0,-0.21149662137
1463676034095700779,8.08333301544,-25.2750892639,2.42627882957,-0.172233343124,1.17449676991,0.0,-0.21149662137
1463676034153726665,8.11666679382,-25.2372989655,2.51011705399,2.43968033791,3.85579848289,0.0,-0.21149662137
1463676034160809054,8.14999961853,-25.2206439972,2.5743803978,-1.44044089317,0.0,0.0,-0.21149662137
1463676034195607302,8.18333339691,-25.2276592255,2.61616253853,1.01961481571,2.50692653656,0.0,-0.21149662137
1463676034228156433,8.21666622162,-25.2283039093,2.66548299789,-1.05838775635,0.452312111855,0.0,-0.21149662137
1463676034263629821,8.25,-25.2566204071,2.68815159798,-0.640572369099,0.907797396183,0.0,-0.21149662137
1463676034294705429,8.28333377838,-25.2939739227,2.70300126076,-1.60066223145,-0.01681041345,0.0,-0.21149662137
1463676034332467480,8.31666660309,-25.3483600616,2.70238494873,-1.6624237299,-0.0201714374125,0.0,-0.21149662137
1463676034362835884,8.35000038147,-25.4039916992,2.70279192924,-1.67553699017,0.0445949919522,0.0,-0.21149662137
1463676034395245882,8.38333320618,-25.4447898865,2.72164702415,-0.772369682789,1.08670055866,0.0,-0.21149662137
1463676034429115282,8.41666698456,-25.4777355194,2.75209188461,-1.20435726643,0.740000188351,0.0,-0.21149662137
1463676034460980033,8.44999980927,-25.5203590393,2.77615380287,-1.353069067,0.703710496426,0.0,-0.21149662137
1463676034541156688,8.48333358765,-25.5548171997,2.813539505,-0.714322030544,1.53943192959,0.0,-0.21149662137
1463676034543930864,8.51666641235,-25.5988426208,2.84509301186,-1.92724108696,0.353781998158,0.0,-0.21149662137
1463676034561598043,8.55000019073,-25.6710147858,2.85076951981,-2.40306949615,-0.0131953656673,0.0,-0.21149662137
1463676034595402252,8.58333301544,-25.7446308136,2.86153936386,-2.01392698288,0.659386217594,0.0,-0.21149662137
1463676034628561676,8.61666679382,-25.8299427032,2.86481642723,-3.10483884811,-0.462769120932,0.0,-0.21149662137
1463676034662222326,8.64999961853,-25.9354324341,2.85160851479,-3.2244489193,-0.329703569412,0.0,-0.21149662137
1463676034694669081,8.68333339691,-26.0495491028,2.83663630486,-3.62262225151,-0.568631589413,0.0,-0.21149662137
1463676034735419976,8.71666622162,-26.1766204834,2.81427502632,-4.00165605545,-0.773031711578,0.0,-0.21149662137
1463676034761817807,8.75,-26.31208992,2.79452204704,-4.12650966644,-0.412147194147,0.0,-0.21149662137
1463676034795265686,8.78333377838,-26.4562454224,2.77584481239,-4.52279472351,-0.708499312401,0.0,-0.21149662137
1463676034828176541,8.81666660309,-26.6113491058,2.75733208656,-4.78347396851,-0.402255028486,0.0,-0.21149662137
1463676034861830102,8.85000038147,-26.776008606,2.75018405914,-5.09608745575,-0.0266311280429,0.0,-0.21149662137
1463676034895044065,8.88333320618,-26.9496440887,2.74011063576,-5.32198858261,-0.577767670155,0.0,-0.21149662137
1463676034941141516,8.91666698456,-27.1304168701,2.7160358429,-5.52443742752,-0.866720795631,22.4033164978,-0.21149662137
1463676034962237310,8.94999980927,-27.3230438232,2.69508528709,-6.03314256668,-0.390313208103,22.4033164978,-0.21149662137
1463676034994620916,8.98333358765,-27.520488739,2.67063593864,-5.81351470947,-1.07665061951,22.4033164978,-0.21149662137
1463676035028288209,9.01666641235,-27.7272014618,2.64711642265,-6.5892663002,-0.334524989128,22.4033164978,-0.21149662137
1463676035061531891,9.05000019073,-27.9483203888,2.63528060913,-6.67791414261,-0.375623703003,22.4033164978,-0.21149662137
1463676035122531514,9.08333301544,-28.1698970795,2.62073159218,-6.61662960052,-0.497320055962,22.4033164978,-0.21149662137
1463676035127851235,9.11666679382,-28.3990421295,2.61294436455,-7.13208675385,0.0300978701562,0.0,-0.21149662137
1463676035162595026,9.14999961853,-28.631280899,2.6098344326,-6.80223703384,-0.21670229733,0.0,-0.21149662137
1463676035194395941,9.18333339691,-28.8546848297,2.60181975365,-6.60204935074,-0.264178991318,0.0,-0.21149662137
1463676035228441793,9.21666622162,-29.07213974,2.59431147575,-6.44518280029,-0.186310574412,0.0,-0.21149662137
1463676035261899779,9.25,-29.2819080353,2.58705592155,-6.14092683792,-0.249025598168,0.0,-0.21149662137
1463676035323165205,9.28333377838,-29.4840888977,2.58435344696,-5.98994779587,0.0868729501963,0.0,-0.21149662137
1463676035328905822,9.31666660309,-29.674118042,2.57084608078,-5.41182231903,-0.897308170795,0.0,-0.21149662137
1463676035361355698,9.35000038147,-29.8495521545,2.54817295074,-5.11421108246,-0.463082402945,0.0,-0.21149662137
1463676035394890935,9.38333320618,-30.0144062042,2.53360581398,-4.77704954147,-0.410944581032,0.0,-0.21149662137
1463676035428756219,9.41666698456,-30.1702232361,2.51191806793,-4.57192802429,-0.890328228474,0.0,-0.21149662137
1463676035461903363,9.44999980927,-30.3209896088,2.47332024574,-4.47409629822,-1.42553603649,0.0,-0.21149662137
1463676035494722090,9.48333358765,-30.4646320343,2.42721128464,-4.1444144249,-1.34099888802,0.0,-0.21149662137
1463676035539505099,9.51666641235,-30.6030197144,2.3753683567,-4.15888404846,-1.76957345009,0.0,-0.21149662137
1463676035561462610,9.55000019073,-30.73944664,2.31422281265,-4.02672576904,-1.89915692806,0.0,-0.21149662137
1463676035594991926,9.58333301544,-30.8931083679,2.22345900536,-5.19296789169,-3.54667139053,0.0,-0.21149662137
1463676035628420105,9.61666679382,-31.036359787,2.13528323174,-3.40204167366,-1.74388623238,0.0,-0.21149662137
1463676035661457057,9.64999961853,-31.1432704926,2.08205413818,-3.01269602776,-1.44984841347,0.0,-0.21149662137
1463676035722881288,9.68333339691,-31.2322368622,2.04412484169,-2.32521247864,-0.825920760632,0.0,-0.21149662137
1463676035743200320,9.71666622162,-31.3036708832,2.02185821533,-1.96089065075,-0.510076403618,0.0,-0.21149662137
1463676035761909021,9.75,-31.3630828857,2.01032781601,-1.60375952721,-0.181736692786,0.0,-0.21149662137
1463676035794938171,9.78333377838,-31.4214267731,1.99920451641,-1.89686834812,-0.485669612885,0.0,-0.21149662137
1463676035828338802,9.81666660309,-31.4857063293,1.98211550713,-1.95990657806,-0.539667963982,0.0,-0.21149662137
1463676035862063295,9.85000038147,-31.5501747131,1.96549534798,-1.90825974941,-0.457545042038,0.0,-0.21149662137
1463676035923161918,9.88333320618,-31.6063938141,1.95858430862,-1.46486771107,0.0428846664727,0.0,-0.21149662137
1463676035927675787,9.91666698456,-31.6539402008,1.96247220039,-1.38791108131,0.190385565162,0.0,-0.21149662137
1463676035961828637,9.94999980927,-31.7047405243,1.96554386616,-1.66012012959,-0.00608376134187,0.0,-0.21149662137
1463676035997939396,9.98333358765,-31.7573299408,1.96996474266,-1.49521160126,0.271337479353,0.0,-0.21149662137
1463676036029493021,10.0166664124,-31.8042888641,1.98413693905,-1.32236814499,0.578992724419,0.0,-0.21149662137
