%time,field.header.seq,field.header.stamp,field.header.frame_id,field.point.x,field.point.y,field.point.z
1463677677589556715,1238,1463677677589221000,trep_world,0.0,2.4290661142,0.0
1463677677622370230,1239,1463677677621705055,trep_world,0.0,2.42353354693,0.0
1463677677680784956,1240,1463677677680500030,trep_world,0.0,2.419301113,0.0
1463677677688585813,1241,1463677677688222885,trep_world,0.0,2.4238419703,0.0
1463677677722451681,1242,1463677677721158981,trep_world,0.0,2.42247913497,0.0
1463677677756304405,1243,1463677677755894899,trep_world,0.0,2.41624616054,0.0
1463677677791114154,1244,1463677677790231943,trep_world,0.0,2.41632526433,0.0
1463677677822917727,1245,1463677677822186946,trep_world,0.0,2.4201151865,0.0
1463677677895745591,1246,1463677677895219087,trep_world,0.0,2.42088555338,0.0
1463677677899343333,1247,1463677677898776054,trep_world,0.0,2.41653782037,0.0
1463677677922602796,1248,1463677677921895027,trep_world,0.0,2.41160785671,0.0
1463677677958469124,1249,1463677677956971883,trep_world,0.0,2.41169042936,0.0
1463677677989133960,1250,1463677677988560914,trep_world,0.0,2.41379174774,0.0
1463677678022524617,1251,1463677678021862983,trep_world,0.0,2.41486051386,0.0
1463677678082251697,1252,1463677678081608057,trep_world,0.0,2.40443319315,0.0
1463677678088674502,1253,1463677678088249921,trep_world,0.0,2.38642493171,0.0
1463677678122595060,1254,1463677678121426105,trep_world,0.0,2.37186770376,0.0
1463677678154949184,1255,1463677678154618978,trep_world,0.0,2.3568804717,0.0
1463677678188585481,1256,1463677678188026905,trep_world,0.0,2.33711915019,0.0
1463677678224063072,1257,1463677678222100973,trep_world,0.0,2.30719659589,0.0
1463677678285279803,1258,1463677678284773111,trep_world,0.0,2.27508360834,0.0
1463677678291833369,1259,1463677678291074037,trep_world,0.0,2.24080740656,0.0
1463677678322651441,1260,1463677678321363925,trep_world,0.0,2.18378763546,0.0
1463677678356242057,1261,1463677678355564117,trep_world,0.0,2.11228902868,0.0
1463677678391446254,1262,1463677678388865947,trep_world,0.0,2.0320290798,0.0
1463677678422857945,1263,1463677678421987056,trep_world,0.0,1.93416828275,0.0
1463677678483827229,1264,1463677678483023881,trep_world,0.0,1.77633894041,0.0
1463677678487644140,1265,1463677678487307071,trep_world,0.0,1.59464466923,0.0
1463677678524779207,1266,1463677678523320913,trep_world,0.0,1.46401089228,0.0
1463677678555743510,1267,1463677678555018901,trep_world,0.0,1.25930685839,0.0
1463677678592763703,1268,1463677678591492891,trep_world,0.0,1.04868231623,0.0
1463677678623775897,1269,1463677678622997999,trep_world,0.0,0.903483442304,0.0
1463677678676779062,1270,1463677678676599979,trep_world,0.0,0.710282835198,0.0
1463677678688060524,1271,1463677678687545061,trep_world,0.0,0.52311066428,0.0
1463677678723791647,1272,1463677678723397970,trep_world,0.0,0.370424513347,0.0
1463677678756956566,1273,1463677678754493951,trep_world,0.0,0.209523993839,0.0
1463677678788865107,1274,1463677678788387060,trep_world,0.0,0.0970408636081,0.0
1463677678824019694,1275,1463677678823259115,trep_world,0.0,0.042199708445,0.0
1463677678904350805,1276,1463677678903915882,trep_world,0.0,-0.00994564406651,0.0
1463677678908037808,1277,1463677678907547950,trep_world,0.0,-0.0342553993423,0.0
1463677678922624428,1278,1463677678922267913,trep_world,0.0,-0.0360777727463,0.0
1463677678956567312,1279,1463677678955122947,trep_world,0.0,-0.0360731184927,0.0
1463677678988922936,1280,1463677678988523006,trep_world,0.0,-0.0367500095417,0.0
1463677679025047783,1281,1463677679022039890,trep_world,0.0,-0.0391974259886,0.0
1463677679087207823,1282,1463677679086941957,trep_world,0.0,-0.0412066320029,0.0
1463677679092028400,1283,1463677679091847896,trep_world,0.0,-0.0426446173467,0.0
1463677679124080411,1284,1463677679122153997,trep_world,0.0,-0.0476118246327,0.0
1463677679156186244,1285,1463677679154782056,trep_world,0.0,-0.0632801105833,0.0
1463677679189489269,1286,1463677679188911914,trep_world,0.0,-0.0812583296617,0.0
1463677679223406000,1287,1463677679222528934,trep_world,0.0,-0.0944080403775,0.0
1463677679282666664,1288,1463677679282308101,trep_world,0.0,-0.111521445775,0.0
1463677679289309966,1289,1463677679288780927,trep_world,0.0,-0.136915987383,0.0
1463677679323011890,1290,1463677679322612047,trep_world,0.0,-0.158922548936,0.0
1463677679356424390,1291,1463677679356077909,trep_world,0.0,-0.173741636482,0.0
1463677679389655353,1292,1463677679388006925,trep_world,0.0,-0.188810987379,0.0
1463677679422893164,1293,1463677679422461032,trep_world,0.0,-0.200409390062,0.0
1463677679481044217,1294,1463677679480604887,trep_world,0.0,-0.213216062315,0.0
1463677679488469393,1295,1463677679488156080,trep_world,0.0,-0.224108645431,0.0
1463677679523057400,1296,1463677679521401882,trep_world,0.0,-0.227958075228,0.0
1463677679556554877,1297,1463677679555502891,trep_world,0.0,-0.230832660156,0.0
1463677679590131031,1298,1463677679589612007,trep_world,0.0,-0.232902344034,0.0
1463677679622897304,1299,1463677679621512889,trep_world,0.0,-0.233111989581,0.0
1463677679680098936,1300,1463677679679806947,trep_world,0.0,-0.232620156618,0.0
1463677679688467414,1301,1463677679688136100,trep_world,0.0,-0.232206612273,0.0
1463677679723488889,1302,1463677679721539974,trep_world,0.0,-0.231591196549,0.0
1463677679758328522,1303,1463677679755425930,trep_world,0.0,-0.230293983889,0.0
1463677679790683522,1304,1463677679789208889,trep_world,0.0,-0.22945652241,0.0
1463677679824004646,1305,1463677679823545932,trep_world,0.0,-0.229467956059,0.0
1463677679882313667,1306,1463677679881902933,trep_world,0.0,-0.228032664344,0.0
1463677679887785273,1307,1463677679886933088,trep_world,0.0,-0.225351241297,0.0
1463677679925279752,1308,1463677679923273086,trep_world,0.0,-0.223577453947,0.0
1463677679958506704,1309,1463677679955851078,trep_world,0.0,-0.223037543567,0.0
1463677679989193778,1310,1463677679988775968,trep_world,0.0,-0.223247171379,0.0
1463677680023016758,1311,1463677680022496938,trep_world,0.0,-0.223642151888,0.0
1463677680094787890,1312,1463677680094336032,trep_world,0.0,-0.223704150841,0.0
1463677680098066389,1313,1463677680097323894,trep_world,0.0,-0.223221380586,0.0
1463677680123269138,1314,1463677680122018098,trep_world,0.0,-0.222919318516,0.0
1463677680157658144,1315,1463677680155838966,trep_world,0.0,-0.222723816371,0.0
1463677680189432432,1316,1463677680188792943,trep_world,0.0,-0.222582976796,0.0
1463677680224362608,1317,1463677680222637891,trep_world,0.0,-0.22231570746,0.0
1463677680285973678,1318,1463677680285770893,trep_world,0.0,-0.220511814727,0.0
1463677680289292288,1319,1463677680288805007,trep_world,0.0,-0.218138076181,0.0
1463677680325791971,1320,1463677680323276996,trep_world,0.0,-0.217033037432,0.0
1463677680355866279,1321,1463677680355293989,trep_world,0.0,-0.216039083866,0.0
1463677680389883652,1322,1463677680389127016,trep_world,0.0,-0.215462261131,0.0
1463677680422298086,1323,1463677680421966075,trep_world,0.0,-0.215793667911,0.0
1463677680486354999,1324,1463677680485821962,trep_world,0.0,-0.216037945326,0.0
1463677680490064746,1325,1463677680489873886,trep_world,0.0,-0.216470344621,0.0
1463677680522678147,1326,1463677680522310018,trep_world,0.0,-0.217199801628,0.0
1463677680556470638,1327,1463677680554986000,trep_world,0.0,-0.217839829652,0.0
1463677680589807321,1328,1463677680589210987,trep_world,0.0,-0.218278193829,0.0
1463677680622822256,1329,1463677680622210025,trep_world,0.0,-0.21857419442,0.0
1463677680690214665,1330,1463677680689412117,trep_world,0.0,-0.219031434455,0.0
1463677680694558918,1331,1463677680694314956,trep_world,0.0,-0.219437372982,0.0
1463677680723079708,1332,1463677680722687005,trep_world,0.0,-0.219318219581,0.0
1463677680757468038,1333,1463677680755050897,trep_world,0.0,-0.21798324262,0.0
1463677680789550689,1334,1463677680788731098,trep_world,0.0,-0.215886578797,0.0
1463677680823309130,1335,1463677680822288036,trep_world,0.0,-0.213730772421,0.0
1463677680879439646,1336,1463677680878876924,trep_world,0.0,-0.207435682962,0.0
1463677680888584764,1337,1463677680888258934,trep_world,0.0,-0.199592637531,0.0
1463677680922313308,1338,1463677680921837091,trep_world,0.0,-0.195091356557,0.0
1463677680958242549,1339,1463677680955737113,trep_world,0.0,-0.19291820278,0.0
1463677680990801590,1340,1463677680989471912,trep_world,0.0,-0.1934571317,0.0
1463677681025196471,1341,1463677681022701025,trep_world,0.0,-0.197378773869,0.0
1463677681075587779,1342,1463677681074961900,trep_world,0.0,-0.212242459051,0.0
1463677681087637240,1343,1463677681086791038,trep_world,0.0,-0.238249728433,0.0
1463677681124452096,1344,1463677681123770952,trep_world,0.0,-0.273765354319,0.0
1463677681157362029,1345,1463677681156579017,trep_world,0.0,-0.338987348101,0.0
1463677681189964691,1346,1463677681189116954,trep_world,0.0,-0.424196812614,0.0
1463677681222673173,1347,1463677681221844911,trep_world,0.0,-0.504581682716,0.0
1463677681298283093,1348,1463677681296777963,trep_world,0.0,-0.592061211403,0.0
1463677681301791460,1349,1463677681301600933,trep_world,0.0,-0.659224751324,0.0
1463677681322565680,1350,1463677681321773052,trep_world,0.0,-0.689007506332,0.0
1463677681356784108,1351,1463677681355201005,trep_world,0.0,-0.705345118636,0.0
1463677681389791800,1352,1463677681389472961,trep_world,0.0,-0.71092130081,0.0
1463677681423677644,1353,1463677681422399044,trep_world,0.0,-0.70959064984,0.0
1463677681495102200,1354,1463677681494657039,trep_world,0.0,-0.70400154591,0.0
1463677681499284349,1355,1463677681499036073,trep_world,0.0,-0.694387662048,0.0
1463677681523504570,1356,1463677681521707057,trep_world,0.0,-0.682753702974,0.0
1463677681556974058,1357,1463677681555551052,trep_world,0.0,-0.66657865419,0.0
1463677681590428178,1358,1463677681588953971,trep_world,0.0,-0.648568615494,0.0
1463677681623174439,1359,1463677681622610092,trep_world,0.0,-0.63428789171,0.0
1463677681694608825,1360,1463677681694130897,trep_world,0.0,-0.622433895296,0.0
1463677681697598255,1361,1463677681697273015,trep_world,0.0,-0.616982625972,0.0
1463677681722693235,1362,1463677681721673011,trep_world,0.0,-0.618527471867,0.0
1463677681757323564,1363,1463677681755966901,trep_world,0.0,-0.62784903388,0.0
1463677681790060279,1364,1463677681789582967,trep_world,0.0,-0.645811234791,0.0
1463677681823491548,1365,1463677681821854114,trep_world,0.0,-0.669830938338,0.0
1463677681882777712,1366,1463677681882500886,trep_world,0.0,-0.699681002565,0.0
1463677681888281282,1367,1463677681887296915,trep_world,0.0,-0.729942489124,0.0
1463677681922884926,1368,1463677681922261953,trep_world,0.0,-0.752619515226,0.0
1463677681957654089,1369,1463677681955688953,trep_world,0.0,-0.766652378508,0.0
1463677681988457789,1370,1463677681988040924,trep_world,0.0,-0.774153775644,0.0
1463677682023384089,1371,1463677682022960901,trep_world,0.0,-0.777162872452,0.0
1463677682085536059,1372,1463677682085129022,trep_world,0.0,-0.778188154928,0.0
1463677682089297744,1373,1463677682088715076,trep_world,0.0,-0.777738203194,0.0
1463677682121803468,1374,1463677682121597051,trep_world,0.0,-0.776756188537,0.0
1463677682156109977,1375,1463677682155329942,trep_world,0.0,-0.776406471294,0.0
1463677682189488675,1376,1463677682188673973,trep_world,0.0,-0.777385933043,0.0
1463677682222631732,1377,1463677682222261905,trep_world,0.0,-0.778603430823,0.0
1463677682282237052,1378,1463677682281922101,trep_world,0.0,-0.779230261034,0.0
1463677682288901360,1379,1463677682288198947,trep_world,0.0,-0.779409731226,0.0
1463677682323169946,1380,1463677682322303056,trep_world,0.0,-0.780022543224,0.0
1463677682357672872,1381,1463677682355566024,trep_world,0.0,-0.780753913559,0.0
1463677682389446281,1382,1463677682389090061,trep_world,0.0,-0.782055689596,0.0
1463677682423166564,1383,1463677682422835111,trep_world,0.0,-0.786253805772,0.0
1463677682479668115,1384,1463677682478566884,trep_world,0.0,-0.795106228662,0.0
1463677682488436551,1385,1463677682487788915,trep_world,0.0,-0.806428973933,0.0
1463677682522666357,1386,1463677682521684885,trep_world,0.0,-0.818623317087,0.0
1463677682557137900,1387,1463677682555890083,trep_world,0.0,-0.829875105528,0.0
1463677682591209923,1388,1463677682590090990,trep_world,0.0,-0.841549284084,0.0
1463677682622806846,1389,1463677682621170043,trep_world,0.0,-0.857519150123,0.0
1463677682681369551,1390,1463677682680401086,trep_world,0.0,-0.867939673347,0.0
1463677682691953717,1391,1463677682689203023,trep_world,0.0,-0.869983145786,0.0
1463677682724097638,1392,1463677682722510099,trep_world,0.0,-0.869953097511,0.0
1463677682756154053,1393,1463677682755570888,trep_world,0.0,-0.87068521145,0.0
1463677682790642886,1394,1463677682788927078,trep_world,0.0,-0.875645965802,0.0
1463677682823818988,1395,1463677682822170972,trep_world,0.0,-0.887498938553,0.0
1463677682898702401,1396,1463677682897658109,trep_world,0.0,-0.914919856048,0.0
1463677682902190052,1397,1463677682901871919,trep_world,0.0,-0.960614615068,0.0
1463677682922830053,1398,1463677682922418117,trep_world,0.0,-0.987021846206,0.0
1463677682956442387,1399,1463677682955528974,trep_world,0.0,-1.01640562312,0.0
1463677682989678016,1400,1463677682988996982,trep_world,0.0,-1.06017553537,0.0
1463677683022627720,1401,1463677683022154092,trep_world,0.0,-1.09801435609,0.0
1463677683082201370,1402,1463677683081583976,trep_world,0.0,-1.17050500366,0.0
1463677683090383908,1403,1463677683090045928,trep_world,0.0,-1.24784360471,0.0
1463677683124111159,1404,1463677683123758077,trep_world,0.0,-1.29624684998,0.0
1463677683156297621,1405,1463677683155942916,trep_world,0.0,-1.35271341012,0.0
1463677683189083678,1406,1463677683188703060,trep_world,0.0,-1.42305515769,0.0
1463677683224448045,1407,1463677683223572015,trep_world,0.0,-1.48818424959,0.0
1463677683296574219,1408,1463677683295116901,trep_world,0.0,-1.56383002396,0.0
1463677683299831523,1409,1463677683299575090,trep_world,0.0,-1.64286333331,0.0
1463677683323341423,1410,1463677683322712898,trep_world,0.0,-1.70589701414,0.0
1463677683356920532,1411,1463677683356053113,trep_world,0.0,-1.77604414711,0.0
1463677683389728355,1412,1463677683389235973,trep_world,0.0,-1.83614706983,0.0
1463677683422803463,1413,1463677683422422885,trep_world,0.0,-1.87223600816,0.0
1463677683477310657,1414,1463677683476865053,trep_world,0.0,-1.90387326137,0.0
1463677683489103793,1415,1463677683487781047,trep_world,0.0,-1.93566447917,0.0
1463677683523054467,1416,1463677683522345066,trep_world,0.0,-1.96996980263,0.0
1463677683556383966,1417,1463677683555833101,trep_world,0.0,-2.00286103931,0.0
1463677683589924651,1418,1463677683588534116,trep_world,0.0,-2.0365506328,0.0
1463677683621424125,1419,1463677683620862007,trep_world,0.0,-2.05724466403,0.0
1463677683692515612,1420,1463677683691939115,trep_world,0.0,-2.06265707646,0.0
1463677683698975626,1421,1463677683697977066,trep_world,0.0,-2.0645294815,0.0
1463677683722107106,1422,1463677683721837997,trep_world,0.0,-2.06440421946,0.0
1463677683756003180,1423,1463677683755631923,trep_world,0.0,-2.06437540519,0.0
1463677683789969685,1424,1463677683788974046,trep_world,0.0,-2.06434665025,0.0
1463677683824437939,1425,1463677683822993040,trep_world,0.0,-2.06335239554,0.0
1463677683887206577,1426,1463677683886394023,trep_world,0.0,-2.05972815516,0.0
1463677683890492380,1427,1463677683890017032,trep_world,0.0,-2.05609783947,0.0
1463677683922514482,1428,1463677683921797990,trep_world,0.0,-2.05303834004,0.0
1463677683957664204,1429,1463677683955728054,trep_world,0.0,-2.04808811021,0.0
1463677683989283640,1430,1463677683988734960,trep_world,0.0,-2.04385576568,0.0
1463677684024024656,1431,1463677684023114919,trep_world,0.0,-2.04489649772,0.0
1463677684081852215,1432,1463677684081288099,trep_world,0.0,-2.04744696715,0.0
1463677684087125322,1433,1463677684086834907,trep_world,0.0,-2.04953832462,0.0
1463677684122917915,1434,1463677684121407032,trep_world,0.0,-2.05390755256,0.0
1463677684156726281,1435,1463677684154992103,trep_world,0.0,-2.06047564209,0.0
1463677684188436689,1436,1463677684188091039,trep_world,0.0,-2.06804270441,0.0
1463677684224343975,1437,1463677684223109006,trep_world,0.0,-2.07476104775,0.0
1463677684288600858,1438,1463677684286710977,trep_world,0.0,-2.08161782902,0.0
1463677684295921002,1439,1463677684295453071,trep_world,0.0,-2.08799661793,0.0
1463677684323942935,1440,1463677684323529005,trep_world,0.0,-2.0921642262,0.0
1463677684355872089,1441,1463677684355195045,trep_world,0.0,-2.09462405808,0.0
1463677684388892216,1442,1463677684388456106,trep_world,0.0,-2.09604890422,0.0
1463677684425357021,1443,1463677684423860073,trep_world,0.0,-2.09578349057,0.0
1463677684488611385,1444,1463677684488224983,trep_world,0.0,-2.09682446341,0.0
1463677684491556288,1445,1463677684491163969,trep_world,0.0,-2.10086467029,0.0
1463677684522505607,1446,1463677684522068023,trep_world,0.0,-2.11095297672,0.0
1463677684555546688,1447,1463677684555176973,trep_world,0.0,-2.14225486246,0.0
1463677684589822164,1448,1463677684588717937,trep_world,0.0,-2.19073891603,0.0
1463677684623553141,1449,1463677684623220920,trep_world,0.0,-2.24493113164,0.0
1463677684689892299,1450,1463677684689414024,trep_world,0.0,-2.32670462626,0.0
1463677684694060232,1451,1463677684693176984,trep_world,0.0,-2.41122385095,0.0
1463677684722973606,1452,1463677684721878051,trep_world,0.0,-2.47318309936,0.0
1463677684756243109,1453,1463677684754832983,trep_world,0.0,-2.53741485941,0.0
1463677684787898372,1454,1463677684787467956,trep_world,0.0,-2.59344572461,0.0
1463677684824446432,1455,1463677684823585987,trep_world,0.0,-2.62761983683,0.0
1463677684890481987,1456,1463677684889868974,trep_world,0.0,-2.65920373372,0.0
1463677684895873939,1457,1463677684895627975,trep_world,0.0,-2.68433985513,0.0
1463677684924040864,1458,1463677684923497915,trep_world,0.0,-2.69152580032,0.0
1463677684956526460,1459,1463677684956120014,trep_world,0.0,-2.69886960244,0.0
1463677684989465193,1460,1463677684988579988,trep_world,0.0,-2.70794571639,0.0
1463677685023305056,1461,1463677685022850036,trep_world,0.0,-2.70214586655,0.0
1463677685077488903,1462,1463677685077157974,trep_world,0.0,-2.68442629669,0.0
1463677685088467250,1463,1463677685088129997,trep_world,0.0,-2.65032999462,0.0
1463677685120675333,1464,1463677685120512962,trep_world,0.0,-2.59237439291,0.0
1463677685155793863,1465,1463677685155251026,trep_world,0.0,-2.49075305637,0.0
1463677685188837451,1466,1463677685188297033,trep_world,0.0,-2.38524561936,0.0
1463677685223418999,1467,1463677685222685098,trep_world,0.0,-2.29212909052,0.0
1463677685276266395,1468,1463677685276001930,trep_world,0.0,-2.15613115043,0.0
1463677685287243915,1469,1463677685287035942,trep_world,0.0,-2.04655908526,0.0
1463677685320640249,1470,1463677685320382118,trep_world,0.0,-2.00302978532,0.0
1463677685356772447,1471,1463677685354577064,trep_world,0.0,-1.9720736847,0.0
1463677685388431041,1472,1463677685387762069,trep_world,0.0,-1.95589425654,0.0
1463677685423112996,1473,1463677685421226024,trep_world,0.0,-1.95785022711,0.0
1463677685475738163,1474,1463677685475502967,trep_world,0.0,-1.96530267783,0.0
1463677685488113119,1475,1463677685487437963,trep_world,0.0,-1.97962285383,0.0
1463677685522957709,1476,1463677685522398948,trep_world,0.0,-2.00629990822,0.0
1463677685556722428,1477,1463677685556145906,trep_world,0.0,-2.04318721457,0.0
1463677685589467958,1478,1463677685588907003,trep_world,0.0,-2.08397324564,0.0
1463677685623272744,1479,1463677685622692108,trep_world,0.0,-2.13345335198,0.0
1463677685687148808,1480,1463677685684032917,trep_world,0.0,-2.20177381358,0.0
1463677685690642207,1481,1463677685690052986,trep_world,0.0,-2.25885950166,0.0
1463677685723616139,1482,1463677685723365068,trep_world,0.0,-2.29528507829,0.0
1463677685757433314,1483,1463677685756913900,trep_world,0.0,-2.35435945238,0.0
1463677685790743799,1484,1463677685789125919,trep_world,0.0,-2.41395143012,0.0
1463677685824842866,1485,1463677685824117898,trep_world,0.0,-2.44997793424,0.0
1463677685895248328,1486,1463677685894085884,trep_world,0.0,-2.49903998798,0.0
1463677685901715212,1487,1463677685901351928,trep_world,0.0,-2.55857615834,0.0
1463677685923688710,1488,1463677685922898054,trep_world,0.0,-2.59924271513,0.0
1463677685956075048,1489,1463677685955425024,trep_world,0.0,-2.65733851813,0.0
1463677685989465918,1490,1463677685988888025,trep_world,0.0,-2.72613219774,0.0
1463677686025014063,1491,1463677686023016929,trep_world,0.0,-2.78068004847,0.0
1463677686079224113,1492,1463677686077944993,trep_world,0.0,-2.83400234438,0.0
1463677686089551061,1493,1463677686089211940,trep_world,0.0,-2.88877987878,0.0
1463677686125156613,1494,1463677686124633073,trep_world,0.0,-2.95015005755,0.0
1463677686156937953,1495,1463677686155260086,trep_world,0.0,-3.04229754979,0.0
1463677686188731152,1496,1463677686188307046,trep_world,0.0,-3.14315610438,0.0
1463677686222705198,1497,1463677686221010923,trep_world,0.0,-3.21810142836,0.0
1463677686308261622,1498,1463677686307868957,trep_world,0.0,-3.28512588305,0.0
1463677686310733142,1499,1463677686310518980,trep_world,0.0,-3.34444236799,0.0
1463677686322389591,1500,1463677686320882081,trep_world,0.0,-3.37109618219,0.0
1463677686356138743,1501,1463677686355528116,trep_world,0.0,-3.37086652481,0.0
1463677686388633412,1502,1463677686388298034,trep_world,0.0,-3.37224856492,0.0
1463677686422453879,1503,1463677686422012090,trep_world,0.0,-3.37310458874,0.0
1463677686478447537,1504,1463677686478213071,trep_world,0.0,-3.36893808391,0.0
1463677686488616255,1505,1463677686488096952,trep_world,0.0,-3.36263760173,0.0
1463677686523583191,1506,1463677686523140907,trep_world,0.0,-3.35370804251,0.0
1463677686555944532,1507,1463677686555288076,trep_world,0.0,-3.34600711701,0.0
1463677686591112900,1508,1463677686588913917,trep_world,0.0,-3.34210108461,0.0
1463677686623409591,1509,1463677686622607946,trep_world,0.0,-3.33753743215,0.0
1463677686690353523,1510,1463677686690165042,trep_world,0.0,-3.33210312187,0.0
1463677686694499092,1511,1463677686693591117,trep_world,0.0,-3.32420624417,0.0
1463677686723336441,1512,1463677686721832036,trep_world,0.0,-3.31402206894,0.0
1463677686756233919,1513,1463677686755868911,trep_world,0.0,-3.30464801579,0.0
1463677686789353773,1514,1463677686788554906,trep_world,0.0,-3.28435099569,0.0
1463677686823399475,1515,1463677686822032928,trep_world,0.0,-3.25581318206,0.0
1463677686891528436,1516,1463677686890608072,trep_world,0.0,-3.22838270017,0.0
1463677686897965779,1517,1463677686897196054,trep_world,0.0,-3.18007809791,0.0
1463677686923085956,1518,1463677686921973943,trep_world,0.0,-3.13478088089,0.0
1463677686955734074,1519,1463677686954786062,trep_world,0.0,-3.10570409642,0.0
1463677686989156648,1520,1463677686988296031,trep_world,0.0,-3.04177683576,0.0
1463677687022033768,1521,1463677687021295070,trep_world,0.0,-2.96859228075,0.0
1463677687088669479,1522,1463677687088447093,trep_world,0.0,-2.90849112947,0.0
1463677687091946047,1523,1463677687091727972,trep_world,0.0,-2.85140727553,0.0
1463677687124477985,1524,1463677687123209953,trep_world,0.0,-2.81358334696,0.0
1463677687158210387,1525,1463677687155936002,trep_world,0.0,-2.76526291567,0.0
1463677687188896558,1526,1463677687188502073,trep_world,0.0,-2.71031256689,0.0
1463677687223804444,1527,1463677687223382949,trep_world,0.0,-2.67224617785,0.0
1463677687255626236,1528,1463677687255245923,trep_world,0.0,-2.62326118778,0.0
1463677687295538369,1529,1463677687295175075,trep_world,0.0,-2.53943830621,0.0
1463677687323245706,1530,1463677687322858095,trep_world,0.0,-2.48788231068,0.0
1463677687356740580,1531,1463677687355669975,trep_world,0.0,-2.40833235873,0.0
1463677687390036552,1532,1463677687387911081,trep_world,0.0,-2.28141697695,0.0
1463677687421479360,1533,1463677687421101093,trep_world,0.0,-2.20084801029,0.0
1463677687489578010,1534,1463677687488909959,trep_world,0.0,-2.07745666192,0.0
1463677687495262629,1535,1463677687494965076,trep_world,0.0,-1.93230005926,0.0
1463677687525842844,1536,1463677687522866964,trep_world,0.0,-1.84142177339,0.0
1463677687557718998,1537,1463677687554989099,trep_world,0.0,-1.7362125743,0.0
1463677687591490950,1538,1463677687588464975,trep_world,0.0,-1.62210836171,0.0
