%time,field.header.seq,field.header.stamp,field.header.frame_id,field.point.x,field.point.y,field.point.z
1463675913363985437,304,1463675913361747980,trep_world,0.0,-3.55448553484,0.0
1463675913396556600,305,1463675913395941972,trep_world,0.0,-3.5515997245,0.0
1463675913431175862,306,1463675913429886102,trep_world,0.0,-3.54488538744,0.0
1463675913463448846,307,1463675913462528944,trep_world,0.0,-3.54655923962,0.0
1463675913519663761,308,1463675913518770933,trep_world,0.0,-3.5524669827,0.0
1463675913529605324,309,1463675913528687000,trep_world,0.0,-3.54109728012,0.0
1463675913566464075,310,1463675913563707113,trep_world,0.0,-3.53313968592,0.0
1463675913597019502,311,1463675913595071077,trep_world,0.0,-3.5407602016,0.0
1463675913631038801,312,1463675913630666971,trep_world,0.0,-3.54750689556,0.0
1463675913664397360,313,1463675913663305997,trep_world,0.0,-3.55019674026,0.0
1463675913723689804,314,1463675913723495006,trep_world,0.0,-3.54810748865,0.0
1463675913728394879,315,1463675913727982997,trep_world,0.0,-3.5406645655,0.0
1463675913763495748,316,1463675913763112068,trep_world,0.0,-3.53681577016,0.0
1463675913797250696,317,1463675913795248985,trep_world,0.0,-3.54435498483,0.0
1463675913829356738,318,1463675913829003095,trep_world,0.0,-3.5429622141,0.0
1463675913862872084,319,1463675913862426042,trep_world,0.0,-3.53739122003,0.0
1463675913929106325,320,1463675913927746057,trep_world,0.0,-3.52825208681,0.0
1463675913931745482,321,1463675913931583881,trep_world,0.0,-3.50109832063,0.0
1463675913965281495,322,1463675913964457035,trep_world,0.0,-3.47166106925,0.0
1463675913997362356,323,1463675913995234966,trep_world,0.0,-3.40445045751,0.0
1463675914031039018,324,1463675914029001951,trep_world,0.0,-3.32132816753,0.0
1463675914065420453,325,1463675914064014911,trep_world,0.0,-3.24694864147,0.0
1463675914116885660,326,1463675914115833997,trep_world,0.0,-3.11092258305,0.0
1463675914128098855,327,1463675914127341985,trep_world,0.0,-2.96891028579,0.0
1463675914163951656,328,1463675914163268089,trep_world,0.0,-2.84513729187,0.0
1463675914197300685,329,1463675914196455001,trep_world,0.0,-2.64019190889,0.0
1463675914230235033,330,1463675914229860067,trep_world,0.0,-2.45586843821,0.0
1463675914264364362,331,1463675914263221025,trep_world,0.0,-2.32803168119,0.0
1463675914322721965,332,1463675914322390079,trep_world,0.0,-2.11553953721,0.0
1463675914328483186,333,1463675914328216075,trep_world,0.0,-1.92306083097,0.0
1463675914364787874,334,1463675914364015102,trep_world,0.0,-1.77535874524,0.0
1463675914398789708,335,1463675914396341085,trep_world,0.0,-1.52063374277,0.0
1463675914430581086,336,1463675914429748058,trep_world,0.0,-1.25613363665,0.0
1463675914463577668,337,1463675914462713956,trep_world,0.0,-1.08014239356,0.0
1463675914538595775,338,1463675914537782907,trep_world,0.0,-0.791951703296,0.0
1463675914543819395,339,1463675914543174982,trep_world,0.0,-0.48653520049,0.0
1463675914565024603,340,1463675914562848091,trep_world,0.0,-0.262981056035,0.0
1463675914596842089,341,1463675914595834970,trep_world,0.0,0.01814236395,0.0
1463675914631561316,342,1463675914630073070,trep_world,0.0,0.247207810862,0.0
1463675914663840800,343,1463675914663013935,trep_world,0.0,0.385055948301,0.0
1463675914720058228,344,1463675914719691991,trep_world,0.0,0.461845049043,0.0
1463675914729580894,345,1463675914728914976,trep_world,0.0,0.491408201154,0.0
1463675914763950952,346,1463675914762372016,trep_world,0.0,0.503464259153,0.0
1463675914796190018,347,1463675914795761108,trep_world,0.0,0.507294619078,0.0
1463675914830829421,348,1463675914830100059,trep_world,0.0,0.509732070659,0.0
1463675914863979169,349,1463675914863270044,trep_world,0.0,0.511493281573,0.0
1463675914936398827,350,1463675914931044101,trep_world,0.0,0.507133815036,0.0
1463675914938662477,351,1463675914937752962,trep_world,0.0,0.478143992892,0.0
1463675914964286073,352,1463675914963923931,trep_world,0.0,0.454427584102,0.0
1463675914997889986,353,1463675914995650053,trep_world,0.0,0.389434608868,0.0
1463675915031587989,354,1463675915029233932,trep_world,0.0,0.284245142644,0.0
1463675915063004120,355,1463675915061685085,trep_world,0.0,0.1931804222,0.0
1463675915127636715,356,1463675915126529932,trep_world,0.0,0.0861720148043,0.0
1463675915132858262,357,1463675915132278919,trep_world,0.0,-0.0190372087366,0.0
1463675915162386832,358,1463675915161978006,trep_world,0.0,-0.113883206721,0.0
1463675915197181370,359,1463675915195771932,trep_world,0.0,-0.233682764365,0.0
1463675915230699826,360,1463675915229711055,trep_world,0.0,-0.334426650626,0.0
1463675915263703027,361,1463675915262888908,trep_world,0.0,-0.397954420382,0.0
1463675915331667487,362,1463675915331399917,trep_world,0.0,-0.481107630029,0.0
1463675915335746747,363,1463675915335318088,trep_world,0.0,-0.58427008006,0.0
1463675915364617256,364,1463675915363135099,trep_world,0.0,-0.661481514582,0.0
1463675915398028562,365,1463675915396583080,trep_world,0.0,-0.710241181177,0.0
1463675915431977130,366,1463675915430113077,trep_world,0.0,-0.764198892407,0.0
1463675915464783423,367,1463675915463803052,trep_world,0.0,-0.80962277429,0.0
1463675915527280647,368,1463675915526931047,trep_world,0.0,-0.833290875677,0.0
1463675915533320863,369,1463675915532624959,trep_world,0.0,-0.827841831234,0.0
1463675915563270769,370,1463675915562684059,trep_world,0.0,-0.79749021721,0.0
1463675915597013026,371,1463675915596391916,trep_world,0.0,-0.730341042929,0.0
1463675915630985232,372,1463675915629621028,trep_world,0.0,-0.66356262173,0.0
1463675915664212176,373,1463675915663522005,trep_world,0.0,-0.603120921977,0.0
1463675915723997604,374,1463675915722563028,trep_world,0.0,-0.497352367562,0.0
1463675915730905995,375,1463675915729773998,trep_world,0.0,-0.397972640315,0.0
1463675915764046619,376,1463675915763221025,trep_world,0.0,-0.293011634957,0.0
1463675915796851696,377,1463675915796495914,trep_world,0.0,-0.192787892065,0.0
1463675915830538682,378,1463675915829394102,trep_world,0.0,-0.100657103611,0.0
1463675915864033994,379,1463675915862945079,trep_world,0.0,-0.00725693961204,0.0
1463675915950516156,380,1463675915933165073,trep_world,0.0,0.0477022848526,0.0
1463675915955894400,381,1463675915955449104,trep_world,0.0,0.115724596832,0.0
1463675915961921593,382,1463675915961569070,trep_world,0.0,0.158678823035,0.0
1463675915997950867,383,1463675915996505022,trep_world,0.0,0.185270436559,0.0
1463675916030506285,384,1463675916029659032,trep_world,0.0,0.247135682575,0.0
1463675916062592093,385,1463675916062376976,trep_world,0.0,0.307373115411,0.0
1463675916121721482,386,1463675916118954896,trep_world,0.0,0.3503821944,0.0
1463675916130420136,387,1463675916129683971,trep_world,0.0,0.418160910689,0.0
1463675916163545949,388,1463675916163079977,trep_world,0.0,0.497952602742,0.0
1463675916197040370,389,1463675916195787906,trep_world,0.0,0.556714918649,0.0
1463675916230515541,390,1463675916229372024,trep_world,0.0,0.605984640056,0.0
1463675916263817912,391,1463675916263303041,trep_world,0.0,0.639364190239,0.0
1463675916347752201,392,1463675916346330881,trep_world,0.0,0.667444710434,0.0
1463675916352278764,393,1463675916351861953,trep_world,0.0,0.689577264313,0.0
1463675916363567233,394,1463675916363178014,trep_world,0.0,0.696747893682,0.0
1463675916396413570,395,1463675916395737886,trep_world,0.0,0.696273318223,0.0
1463675916430767413,396,1463675916429694890,trep_world,0.0,0.69363665596,0.0
1463675916464189603,397,1463675916463386058,trep_world,0.0,0.68752470042,0.0
1463675916544942511,398,1463675916544136047,trep_world,0.0,0.678256358759,0.0
1463675916552027987,399,1463675916551414966,trep_world,0.0,0.673290432375,0.0
1463675916562185099,400,1463675916561861991,trep_world,0.0,0.672517532988,0.0
1463675916596023169,401,1463675916595468997,trep_world,0.0,0.67171684347,0.0
1463675916631733384,402,1463675916629865884,trep_world,0.0,0.67171684347,0.0
1463675916664360316,403,1463675916663023948,trep_world,0.0,0.671736911183,0.0
1463675916713488922,404,1463675916712671041,trep_world,0.0,0.672215510359,0.0
1463675916729714879,405,1463675916728867053,trep_world,0.0,0.672503551067,0.0
1463675916764618295,406,1463675916763994932,trep_world,0.0,0.671870170788,0.0
1463675916796735679,407,1463675916796190977,trep_world,0.0,0.671519016357,0.0
1463675916829897029,408,1463675916829543113,trep_world,0.0,0.671371470578,0.0
1463675916864084598,409,1463675916863512992,trep_world,0.0,0.67022504704,0.0
1463675916921402130,410,1463675916921078920,trep_world,0.0,0.669572388384,0.0
1463675916929605312,411,1463675916929150104,trep_world,0.0,0.669709081162,0.0
1463675916963555326,412,1463675916962997913,trep_world,0.0,0.66903789527,0.0
1463675916996640240,413,1463675916995738029,trep_world,0.0,0.658931548951,0.0
1463675917032997640,414,1463675917030340909,trep_world,0.0,0.636048249543,0.0
1463675917065312826,415,1463675917064569950,trep_world,0.0,0.611817845377,0.0
1463675917127138769,416,1463675917126215934,trep_world,0.0,0.572749233856,0.0
1463675917132569093,417,1463675917131335020,trep_world,0.0,0.525014498422,0.0
1463675917163438041,418,1463675917162931919,trep_world,0.0,0.485136392495,0.0
1463675917197511660,419,1463675917196108102,trep_world,0.0,0.454660988417,0.0
1463675917229797990,420,1463675917229367971,trep_world,0.0,0.42542430179,0.0
1463675917264625240,421,1463675917262841939,trep_world,0.0,0.400412351238,0.0
1463675917342736726,422,1463675917339970111,trep_world,0.0,0.396071725994,0.0
1463675917348539992,423,1463675917348160982,trep_world,0.0,0.420168430018,0.0
1463675917364464592,424,1463675917364015102,trep_world,0.0,0.442707067874,0.0
1463675917396638100,425,1463675917396136045,trep_world,0.0,0.464475994628,0.0
1463675917432705444,426,1463675917431298017,trep_world,0.0,0.502982811185,0.0
1463675917465490329,427,1463675917464679956,trep_world,0.0,0.537657173111,0.0
1463675917518050332,428,1463675917516552925,trep_world,0.0,0.585965277058,0.0
1463675917530033790,429,1463675917528908967,trep_world,0.0,0.635642753658,0.0
1463675917562572117,430,1463675917562230110,trep_world,0.0,0.67484471302,0.0
1463675917596699809,431,1463675917596194028,trep_world,0.0,0.704616952989,0.0
1463675917630602836,432,1463675917630148887,trep_world,0.0,0.714849990419,0.0
1463675917664233175,433,1463675917663817882,trep_world,0.0,0.712438578044,0.0
1463675917726387052,434,1463675917726038932,trep_world,0.0,0.709584363872,0.0
1463675917732558538,435,1463675917732373952,trep_world,0.0,0.707370748348,0.0
1463675917763710990,436,1463675917763277053,trep_world,0.0,0.704646852272,0.0
1463675917797358291,437,1463675917796369075,trep_world,0.0,0.707413498323,0.0
1463675917829963924,438,1463675917829448938,trep_world,0.0,0.715193312659,0.0
1463675917864953185,439,1463675917864111900,trep_world,0.0,0.721315553929,0.0
1463675917945468433,440,1463675917944670915,trep_world,0.0,0.728441361753,0.0
1463675917952303995,441,1463675917950911045,trep_world,0.0,0.73638737089,0.0
1463675917963352891,442,1463675917962440013,trep_world,0.0,0.73891281549,0.0
1463675917995815956,443,1463675917995362043,trep_world,0.0,0.738699677374,0.0
1463675918030586798,444,1463675918030167102,trep_world,0.0,0.739851191359,0.0
1463675918063203344,445,1463675918062125921,trep_world,0.0,0.745948408155,0.0
1463675918124612854,446,1463675918121385097,trep_world,0.0,0.774709154454,0.0
1463675918130121896,447,1463675918129810094,trep_world,0.0,0.822879981205,0.0
1463675918164953904,448,1463675918163105010,trep_world,0.0,0.880024802252,0.0
1463675918198525777,449,1463675918196748971,trep_world,0.0,0.97186227641,0.0
1463675918230689902,450,1463675918230034112,trep_world,0.0,1.07251835428,0.0
1463675918264424109,451,1463675918262803077,trep_world,0.0,1.15761602769,0.0
1463675918344936043,452,1463675918344701051,trep_world,0.0,1.24051501054,0.0
1463675918348337903,453,1463675918347857952,trep_world,0.0,1.33497954553,0.0
1463675918362582842,454,1463675918362277030,trep_world,0.0,1.38982199147,0.0
1463675918396375616,455,1463675918395514011,trep_world,0.0,1.42773677622,0.0
1463675918430790869,456,1463675918429497957,trep_world,0.0,1.47731850995,0.0
1463675918464559100,457,1463675918462840080,trep_world,0.0,1.49584066512,0.0
1463675918523424541,458,1463675918522999048,trep_world,0.0,1.52316547295,0.0
1463675918529778901,459,1463675918529289007,trep_world,0.0,1.55892473498,0.0
1463675918563016295,460,1463675918562370061,trep_world,0.0,1.59628170242,0.0
1463675918596569683,461,1463675918596091985,trep_world,0.0,1.64440672541,0.0
1463675918632297903,462,1463675918630582094,trep_world,0.0,1.70362182292,0.0
1463675918663457628,463,1463675918662733078,trep_world,0.0,1.77835828055,0.0
1463675918740475674,464,1463675918739995002,trep_world,0.0,1.89419387026,0.0
1463675918746943935,465,1463675918746757984,trep_world,0.0,2.05223179974,0.0
1463675918763132456,466,1463675918762693881,trep_world,0.0,2.13601321555,0.0
1463675918797462893,467,1463675918796776056,trep_world,0.0,2.18024106128,0.0
1463675918831531412,468,1463675918830979108,trep_world,0.0,2.24022843597,0.0
1463675918864742266,469,1463675918863118886,trep_world,0.0,2.25854855556,0.0
1463675918921030109,470,1463675918920484066,trep_world,0.0,2.26377682234,0.0
1463675918928666220,471,1463675918928049087,trep_world,0.0,2.26708679434,0.0
1463675918965122381,472,1463675918962347984,trep_world,0.0,2.26901445669,0.0
1463675918996696784,473,1463675918995309114,trep_world,0.0,2.26997881438,0.0
1463675919030032963,474,1463675919029453992,trep_world,0.0,2.26594424537,0.0
1463675919064555446,475,1463675919062963962,trep_world,0.0,2.25197593692,0.0
1463675919134445457,476,1463675919133025884,trep_world,0.0,2.2394235406,0.0
1463675919139369621,477,1463675919139046907,trep_world,0.0,2.23460552772,0.0
1463675919163381006,478,1463675919162453889,trep_world,0.0,2.23222430256,0.0
1463675919196738534,479,1463675919196424007,trep_world,0.0,2.23001208894,0.0
1463675919231036843,480,1463675919229640007,trep_world,0.0,2.22924841876,0.0
1463675919263828461,481,1463675919263307094,trep_world,0.0,2.23043994057,0.0
1463675919323886680,482,1463675919323376893,trep_world,0.0,2.22971893432,0.0
1463675919327867247,483,1463675919327682018,trep_world,0.0,2.22904484063,0.0
1463675919364336784,484,1463675919363895893,trep_world,0.0,2.22720623461,0.0
1463675919397484393,485,1463675919397106885,trep_world,0.0,2.22098772924,0.0
1463675919430014228,486,1463675919429425954,trep_world,0.0,2.21310750023,0.0
1463675919463028589,487,1463675919462635993,trep_world,0.0,2.20719301052,0.0
1463675919524910452,488,1463675919522352933,trep_world,0.0,2.18948687401,0.0
1463675919546022678,489,1463675919544492959,trep_world,0.0,2.16923772006,0.0
1463675919561609254,490,1463675919561340093,trep_world,0.0,2.15442502066,0.0
1463675919597038170,491,1463675919595185995,trep_world,0.0,2.12538503781,0.0
1463675919631005497,492,1463675919628981113,trep_world,0.0,2.09523216605,0.0
1463675919664021267,493,1463675919662743091,trep_world,0.0,2.06499965945,0.0
1463675919737484672,494,1463675919737063884,trep_world,0.0,2.03003934674,0.0
1463675919740162843,495,1463675919739840030,trep_world,0.0,1.97833706135,0.0
1463675919763119210,496,1463675919762203931,trep_world,0.0,1.9159435203,0.0
1463675919796217696,497,1463675919795763015,trep_world,0.0,1.86797044423,0.0
1463675919830579261,498,1463675919830091953,trep_world,0.0,1.83108077449,0.0
1463675919863865383,499,1463675919863409042,trep_world,0.0,1.81390488796,0.0
1463675919924678621,500,1463675919922677993,trep_world,0.0,1.81817484847,0.0
1463675919932159779,501,1463675919930851936,trep_world,0.0,1.83223995707,0.0
1463675919963352498,502,1463675919962538003,trep_world,0.0,1.84579486888,0.0
1463675919995789234,503,1463675919995084047,trep_world,0.0,1.87115865698,0.0
1463675920030577890,504,1463675920029776096,trep_world,0.0,1.90399612213,0.0
1463675920065611195,505,1463675920064379930,trep_world,0.0,1.94178678105,0.0
1463675920128110323,506,1463675920127744913,trep_world,0.0,2.0171539715,0.0
1463675920137505980,507,1463675920136976957,trep_world,0.0,2.09451004372,0.0
1463675920164198521,508,1463675920162782907,trep_world,0.0,2.14003857488,0.0
1463675920196690461,509,1463675920196146011,trep_world,0.0,2.19001265455,0.0
1463675920230782773,510,1463675920229903936,trep_world,0.0,2.24134954747,0.0
1463675920264544316,511,1463675920262953042,trep_world,0.0,2.27269738274,0.0
1463675920336319493,512,1463675920335235118,trep_world,0.0,2.29306660346,0.0
1463675920340982721,513,1463675920340620994,trep_world,0.0,2.31591806432,0.0
1463675920364480938,514,1463675920363774061,trep_world,0.0,2.32918182635,0.0
1463675920397126172,515,1463675920396384954,trep_world,0.0,2.33877497221,0.0
1463675920430852022,516,1463675920429855108,trep_world,0.0,2.3556724915,0.0
1463675920465171208,517,1463675920464766025,trep_world,0.0,2.37148613158,0.0
1463675920524861559,518,1463675920522861003,trep_world,0.0,2.39036231747,0.0
1463675920530405887,519,1463675920530055999,trep_world,0.0,2.40386632208,0.0
1463675920565262690,520,1463675920564855098,trep_world,0.0,2.41723286335,0.0
1463675920595704224,521,1463675920595335960,trep_world,0.0,2.42404294081,0.0
1463675920630630488,522,1463675920630136966,trep_world,0.0,2.41952415193,0.0
1463675920664670538,523,1463675920663343906,trep_world,0.0,2.420388497,0.0
1463675920731218406,524,1463675920730829000,trep_world,0.0,2.42208825794,0.0
1463675920736435735,525,1463675920735385894,trep_world,0.0,2.41985691535,0.0
1463675920764430339,526,1463675920764059066,trep_world,0.0,2.41841041369,0.0
1463675920797451248,527,1463675920796466112,trep_world,0.0,2.41886771251,0.0
1463675920831060124,528,1463675920830658912,trep_world,0.0,2.41823059995,0.0
1463675920862750714,529,1463675920862117052,trep_world,0.0,2.41630432226,0.0
1463675920936551557,530,1463675920935848951,trep_world,0.0,2.41393093757,0.0
1463675920940226966,531,1463675920939503908,trep_world,0.0,2.40906724908,0.0
1463675920963748152,532,1463675920962765932,trep_world,0.0,2.4038168642,0.0
1463675920998983370,533,1463675920996681928,trep_world,0.0,2.40118198563,0.0
1463675921030590701,534,1463675921030080080,trep_world,0.0,2.39813134645,0.0
1463675921065748814,535,1463675921063611984,trep_world,0.0,2.39511117651,0.0
1463675921118906178,536,1463675921116545915,trep_world,0.0,2.39044479906,0.0
1463675921130298643,537,1463675921129806995,trep_world,0.0,2.38697546253,0.0
1463675921165420479,538,1463675921164532899,trep_world,0.0,2.38569608674,0.0
1463675921198867189,539,1463675921196886062,trep_world,0.0,2.38449088383,0.0
1463675921232515009,540,1463675921230313062,trep_world,0.0,2.38359321248,0.0
1463675921263590653,541,1463675921263212919,trep_world,0.0,2.38116115216,0.0
1463675921329598605,542,1463675921329399108,trep_world,0.0,2.37312771767,0.0
1463675921333098642,543,1463675921332932949,trep_world,0.0,2.35404458347,0.0
1463675921364892888,544,1463675921363748073,trep_world,0.0,2.32479368042,0.0
1463675921398263364,545,1463675921396686077,trep_world,0.0,2.28071062897,0.0
1463675921431707362,546,1463675921429630994,trep_world,0.0,2.22980553802,0.0
1463675921465816531,547,1463675921463742971,trep_world,0.0,2.18740610421,0.0
1463675921529792962,548,1463675921529081106,trep_world,0.0,2.12713529907,0.0
1463675921532679156,549,1463675921532501935,trep_world,0.0,2.07471439369,0.0
1463675921562479603,550,1463675921561722040,trep_world,0.0,2.04623822628,0.0
1463675921595449017,551,1463675921595185041,trep_world,0.0,2.01145739296,0.0
1463675921631926646,552,1463675921630407094,trep_world,0.0,1.99060965896,0.0
1463675921664162209,553,1463675921663710117,trep_world,0.0,1.97999100355,0.0
1463675921731042797,554,1463675921730770111,trep_world,0.0,1.94406324621,0.0
1463675921734838425,555,1463675921734409093,trep_world,0.0,1.89747997995,0.0
1463675921763573831,556,1463675921762901067,trep_world,0.0,1.86198882643,0.0
1463675921797129279,557,1463675921796590089,trep_world,0.0,1.83280087114,0.0
1463675921831405848,558,1463675921830387115,trep_world,0.0,1.82114327119,0.0
1463675921863778335,559,1463675921863430976,trep_world,0.0,1.8262414063,0.0
1463675921925147286,560,1463675921923510074,trep_world,0.0,1.8403647833,0.0
1463675921931177647,561,1463675921930237054,trep_world,0.0,1.86303337435,0.0
1463675921962698542,562,1463675921962336063,trep_world,0.0,1.88024961632,0.0
1463675921997438667,563,1463675921996663093,trep_world,0.0,1.88900621827,0.0
1463675922029361941,564,1463675922028959035,trep_world,0.0,1.89415220821,0.0
1463675922064660227,565,1463675922064184904,trep_world,0.0,1.89376068421,0.0
1463675922134696419,566,1463675922133949995,trep_world,0.0,1.89872748768,0.0
1463675922142221096,567,1463675922141483068,trep_world,0.0,1.9154795197,0.0
1463675922162857334,568,1463675922162477016,trep_world,0.0,1.94412081336,0.0
1463675922197901630,569,1463675922196660041,trep_world,0.0,1.96682429069,0.0
1463675922232112690,570,1463675922230997085,trep_world,0.0,1.99145293643,0.0
1463675922263889667,571,1463675922262851953,trep_world,0.0,2.01791133344,0.0
1463675922317626807,572,1463675922316773891,trep_world,0.0,2.02539294561,0.0
1463675922329769298,573,1463675922329422950,trep_world,0.0,2.02540843827,0.0
1463675922366187745,574,1463675922364265918,trep_world,0.0,2.02492300131,0.0
1463675922397135061,575,1463675922396660089,trep_world,0.0,2.0236541167,0.0
1463675922430733415,576,1463675922429796934,trep_world,0.0,2.02372252984,0.0
1463675922463250929,577,1463675922462707996,trep_world,0.0,2.0298190175,0.0
1463675922538122066,578,1463675922537452936,trep_world,0.0,2.03844011092,0.0
1463675922544794409,579,1463675922544424057,trep_world,0.0,2.04261310208,0.0
1463675922563465379,580,1463675922563026905,trep_world,0.0,2.04432317532,0.0
1463675922597584794,581,1463675922596575021,trep_world,0.0,2.05103205295,0.0
1463675922630821931,582,1463675922630372047,trep_world,0.0,2.05487788408,0.0
1463675922664239604,583,1463675922663361072,trep_world,0.0,2.0525815375,0.0
1463675922733043136,584,1463675922732261896,trep_world,0.0,2.05795307646,0.0
1463675922741992095,585,1463675922741612911,trep_world,0.0,2.07110467614,0.0
1463675922763804393,586,1463675922763150930,trep_world,0.0,2.09432594034,0.0
1463675922795559810,587,1463675922795217037,trep_world,0.0,2.15713859852,0.0
1463675922830768200,588,1463675922829638004,trep_world,0.0,2.22958044656,0.0
1463675922863377986,589,1463675922862919092,trep_world,0.0,2.28223663041,0.0
1463675922920271239,590,1463675922919404029,trep_world,0.0,2.32683704112,0.0
1463675922930210289,591,1463675922929285049,trep_world,0.0,2.37387083084,0.0
1463675922963576520,592,1463675922962902069,trep_world,0.0,2.4573219973,0.0
1463675922996538806,593,1463675922996172904,trep_world,0.0,2.52727449457,0.0
1463675923030584813,594,1463675923029710054,trep_world,0.0,2.56294444811,0.0
1463675923064357315,595,1463675923062942028,trep_world,0.0,2.59655194173,0.0
1463675923138000040,596,1463675923137201070,trep_world,0.0,2.61137664337,0.0
1463675923157215632,597,1463675923156603097,trep_world,0.0,2.60356951632,0.0
1463675923163808103,598,1463675923162942886,trep_world,0.0,2.59514931318,0.0
1463675923196853433,599,1463675923195822954,trep_world,0.0,2.59752947918,0.0
1463675923230654187,600,1463675923229363918,trep_world,0.0,2.60214112772,0.0
1463675923263734785,601,1463675923263345003,trep_world,0.0,2.59822359182,0.0
1463675923329128409,602,1463675923328351020,trep_world,0.0,2.59581701351,0.0
1463675923333201198,603,1463675923333020925,trep_world,0.0,2.60682683742,0.0
1463675923364090877,604,1463675923362243890,trep_world,0.0,2.61718189772,0.0
