%time,field.header.seq,field.header.stamp,field.header.frame_id,field.point.x,field.point.y,field.point.z
1463676026032729912,605,1463676026027981042,trep_world,0.0,-3.18128741043,-0.999980418696
1463676026062255164,606,1463676026061794042,trep_world,0.0,-3.18117593217,-0.999905301845
1463676026117383763,607,1463676026117007017,trep_world,0.0,-3.18094679593,-0.999935422789
1463676026128399276,608,1463676026127669095,trep_world,0.0,-3.18063645992,-0.999999961894
1463676026162773482,609,1463676026161015987,trep_world,0.0,-3.18028666217,-0.999998629054
1463676026194944352,610,1463676026194248914,trep_world,0.0,-3.17987813471,-0.999930866054
1463676026228314208,611,1463676026227693080,trep_world,0.0,-3.17934305898,-0.999846203522
1463676026262610081,612,1463676026261240005,trep_world,0.0,-3.17863455594,-0.999844413486
1463676026321454456,613,1463676026294349908,trep_world,0.0,-3.17775812106,-0.999919439415
1463676026327623720,614,1463676026327265977,trep_world,0.0,-3.17672624812,-0.999911907122
1463676026361538971,615,1463676026361145973,trep_world,0.0,-3.17555778069,-0.999929399197
1463676026394663870,616,1463676026394176959,trep_world,0.0,-3.17427665219,-0.999973474288
1463676026428584936,617,1463676026427706956,trep_world,0.0,-3.17291537499,-0.999989619061
1463676026461943104,618,1463676026460957050,trep_world,0.0,-3.17147510826,-0.999954786901
1463676026530526566,619,1463676026528718948,trep_world,0.0,-3.16995201497,-0.99996669024
1463676026537873122,620,1463676026537595033,trep_world,0.0,-3.1683360276,-0.999963400124
1463676026562358104,621,1463676026561526060,trep_world,0.0,-3.16660029825,-0.999887551457
1463676026594814978,622,1463676026594264984,trep_world,0.0,-3.16469333724,-0.999785567988
1463676026628807262,623,1463676026628007888,trep_world,0.0,-3.16250507033,-0.999369501427
1463676026661432962,624,1463676026661083936,trep_world,0.0,-3.15986362968,-0.998459178672
1463676026716251831,625,1463676026715786933,trep_world,0.0,-3.15641226056,-0.995832783029
1463676026728864246,626,1463676026728355884,trep_world,0.0,-3.15128434209,-0.988006349061
1463676026762545957,627,1463676026761965990,trep_world,0.0,-3.1429902196,-0.971788378007
1463676026795438903,628,1463676026794958114,trep_world,0.0,-3.13029300528,-0.948649222651
1463676026829247271,629,1463676026828627109,trep_world,0.0,-3.10430421563,-0.899774800182
1463676026862203575,630,1463676026861634016,trep_world,0.0,-3.06697102924,-0.830545914086
1463676026923606805,631,1463676026923131942,trep_world,0.0,-3.0233319702,-0.765768407505
1463676026929284033,632,1463676026928953886,trep_world,0.0,-2.95428069741,-0.681998824501
1463676026962131527,633,1463676026960572004,trep_world,0.0,-2.86443096864,-0.588891577475
1463676026995012842,634,1463676026994215011,trep_world,0.0,-2.72263931429,-0.472401292569
1463676027029046259,635,1463676027028124094,trep_world,0.0,-2.528985209,-0.334242199435
1463676027063235390,636,1463676027061889886,trep_world,0.0,-2.32409321441,-0.203909040594
1463676027110885155,637,1463676027104345083,trep_world,0.0,-2.02438221649,-0.0700971954009
1463676027135184041,638,1463676027134816884,trep_world,0.0,-1.72563329026,0.0648345839847
1463676027162784935,639,1463676027162316083,trep_world,0.0,-1.55109307972,0.193343211335
1463676027195233045,640,1463676027194830894,trep_world,0.0,-1.34861149864,0.298528132165
1463676027228990049,641,1463676027228172063,trep_world,0.0,-1.14173060375,0.39695863256
1463676027263115511,642,1463676027261476993,trep_world,0.0,-1.00504307157,0.511795317555
1463676027319022333,643,1463676027318267107,trep_world,0.0,-0.855312122521,0.60393662168
1463676027328340686,644,1463676027327917098,trep_world,0.0,-0.699381258912,0.683262957906
1463676027362985867,645,1463676027360939025,trep_world,0.0,-0.567257938169,0.772635813612
1463676027394686233,646,1463676027394227027,trep_world,0.0,-0.438940726459,0.854206025259
1463676027428692218,647,1463676027427615880,trep_world,0.0,-0.307681331794,0.919689824602
1463676027461909594,648,1463676027460891962,trep_world,0.0,-0.173450955452,0.966358349798
1463676027528851401,649,1463676027527765035,trep_world,0.0,-0.0369231918716,0.992707921154
1463676027531251284,650,1463676027531048059,trep_world,0.0,0.100408822231,0.999900036035
1463676027562676985,651,1463676027561950922,trep_world,0.0,0.237451236875,0.989473088063
1463676027595216728,652,1463676027594727039,trep_world,0.0,0.373889937072,0.964611506611
1463676027629091407,653,1463676027628346920,trep_world,0.0,0.510416653726,0.929878817946
1463676027662676108,654,1463676027661541938,trep_world,0.0,0.649795641154,0.891221952097
1463676027707561888,655,1463676027706593036,trep_world,0.0,0.801691304479,0.865498501126
1463676027727474891,656,1463676027727102994,trep_world,0.0,0.958855030517,0.838948473319
1463676027762294026,657,1463676027760770082,trep_world,0.0,1.10537988265,0.785154764768
1463676027797788070,658,1463676027794182062,trep_world,0.0,1.25976938522,0.727954537304
1463676027828689505,659,1463676027828356981,trep_world,0.0,1.41638028362,0.664419173349
1463676027864458187,660,1463676027861051082,trep_world,0.0,1.54693435129,0.566735879899
1463676027917850063,661,1463676027894222021,trep_world,0.0,1.67126683884,0.452096146286
1463676027938966047,662,1463676027937308073,trep_world,0.0,1.77036885598,0.317275378109
1463676027961229890,663,1463676027960403919,trep_world,0.0,1.81751762772,0.152764304857
1463676027996528968,664,1463676027994405031,trep_world,0.0,1.82345686431,-0.0282265490173
1463676028028804105,665,1463676028027692079,trep_world,0.0,1.7852376069,-0.218831419383
1463676028062145834,666,1463676028061021089,trep_world,0.0,1.70784964226,-0.411274407646
1463676028124400043,667,1463676028111470937,trep_world,0.0,1.59148507078,-0.596224680196
1463676028144511506,668,1463676028144160032,trep_world,0.0,1.43324781393,-0.759684180571
1463676028161686581,669,1463676028161303997,trep_world,0.0,1.23622343563,-0.887797709502
1463676028194759675,670,1463676028194243907,trep_world,0.0,1.01023778587,-0.969560478775
1463676028229357712,671,1463676028228055953,trep_world,0.0,0.768836664868,-0.999890105461
1463676028261806058,672,1463676028261030912,trep_world,0.0,0.526936556623,-0.975899485959
1463676028313337413,673,1463676028312799930,trep_world,0.0,0.299274577701,-0.900040978336
1463676028327484657,674,1463676028327096939,trep_world,0.0,0.0991978482816,-0.778994008615
1463676028361652173,675,1463676028360918045,trep_world,0.0,-0.064044245968,-0.622797566231
1463676028395176240,676,1463676028394195079,trep_world,0.0,-0.185900148807,-0.444832205242
1463676028428710749,677,1463676028428174018,trep_world,0.0,-0.261707279675,-0.255189564825
1463676028461368951,678,1463676028460998058,trep_world,0.0,-0.29245768168,-0.0644147763154
1463676028535207504,679,1463676028534425973,trep_world,0.0,-0.287472173247,0.11806493531
1463676028541903789,680,1463676028541239023,trep_world,0.0,-0.259396694778,0.287167340921
1463676028562011898,681,1463676028560878038,trep_world,0.0,-0.209342892983,0.437975322628
1463676028595304125,682,1463676028594805002,trep_world,0.0,-0.140399576146,0.569060407513
1463676028629273557,683,1463676028628519058,trep_world,0.0,-0.0690243032037,0.688254200929
1463676028663085099,684,1463676028662383079,trep_world,0.0,0.00861304931666,0.788547913637
1463676028735281627,685,1463676028734358072,trep_world,0.0,0.0903971426067,0.874374077067
1463676028742311898,686,1463676028741353988,trep_world,0.0,0.176084694012,0.938421880721
1463676028761210913,687,1463676028760993003,trep_world,0.0,0.268002873761,0.975293971449
1463676028796277503,688,1463676028794223070,trep_world,0.0,0.361345016174,0.994251795537
1463676028828751770,689,1463676028828083992,trep_world,0.0,0.454820226032,0.999953080243
1463676028862749718,690,1463676028861674070,trep_world,0.0,0.548151137419,0.997243339474
1463676028923114134,691,1463676028922631025,trep_world,0.0,0.641731967545,0.988664363075
1463676028931764097,692,1463676028930099964,trep_world,0.0,0.736435071982,0.977040140575
1463676028963090377,693,1463676028960943937,trep_world,0.0,0.832756129704,0.962781197317
1463676028995852519,694,1463676028994216918,trep_world,0.0,0.933630538567,0.953014889385
1463676029029531501,695,1463676029028692007,trep_world,0.0,1.03631291099,0.93840557731
1463676029061857146,696,1463676029061012983,trep_world,0.0,1.13688924235,0.905850977186
1463676029138454103,697,1463676029128204107,trep_world,0.0,1.23994180451,0.867935886657
1463676029145614409,698,1463676029144737005,trep_world,0.0,1.34462836565,0.822565318932
1463676029162116231,699,1463676029161216974,trep_world,0.0,1.44312083484,0.758347687989
1463676029195127176,700,1463676029194550991,trep_world,0.0,1.53263351958,0.672286978806
1463676029228922092,701,1463676029227933883,trep_world,0.0,1.61405228608,0.568653380283
1463676029261369437,702,1463676029261017084,trep_world,0.0,1.68391477429,0.44625869189
1463676029337525214,703,1463676029331769943,trep_world,0.0,1.73463465924,0.304414834066
1463676029345340651,704,1463676029344198942,trep_world,0.0,1.75292721601,0.141877784123
1463676029363043677,705,1463676029362488985,trep_world,0.0,1.74974386565,-0.0357345787452
1463676029395730531,706,1463676029394191026,trep_world,0.0,1.72336764552,-0.221492280699
1463676029429196982,707,1463676029427439928,trep_world,0.0,1.65705997362,-0.408704356364
1463676029462158281,708,1463676029461040973,trep_world,0.0,1.54854585942,-0.586943851259
1463676029543579080,709,1463676029508048057,trep_world,0.0,1.39876598163,-0.745730380915
1463676029549894609,710,1463676029549705028,trep_world,0.0,1.21373442197,-0.874998530175
1463676029560674674,711,1463676029560359001,trep_world,0.0,1.00074781846,-0.963249608364
1463676029595614378,712,1463676029595020055,trep_world,0.0,0.770924979172,-0.999388607186
1463676029628309797,713,1463676029627871036,trep_world,0.0,0.53899960731,-0.981093591947
1463676029662501466,714,1463676029660928010,trep_world,0.0,0.319588708896,-0.912661382864
1463676029717136034,715,1463676029716643095,trep_world,0.0,0.125757236738,-0.798174046994
1463676029727605517,716,1463676029726895093,trep_world,0.0,-0.0324042167433,-0.647780633135
1463676029761909617,717,1463676029761409044,trep_world,0.0,-0.150748523867,-0.47400044527
1463676029795681704,718,1463676029795066118,trep_world,0.0,-0.232400279296,-0.291252400003
1463676029828209418,719,1463676029827718973,trep_world,0.0,-0.276106173243,-0.108396996569
1463676029861684324,720,1463676029860861063,trep_world,0.0,-0.282319289981,0.0677492414515
1463676029935176617,721,1463676029910835981,trep_world,0.0,-0.258810044998,0.231013123635
1463676029943396726,722,1463676029943186998,trep_world,0.0,-0.212714681026,0.377981451218
1463676029961920015,723,1463676029960800886,trep_world,0.0,-0.15130225156,0.507832234525
1463676029994804174,724,1463676029994230031,trep_world,0.0,-0.078735528281,0.619919307017
1463676030028075554,725,1463676030027698040,trep_world,0.0,0.00111381508765,0.715389519874
1463676030061490800,726,1463676030060967922,trep_world,0.0,0.0842121364965,0.796414970267
1463676030123228236,727,1463676030094297885,trep_world,0.0,0.16561569081,0.869208867397
1463676030135638976,728,1463676030135279893,trep_world,0.0,0.247152554371,0.92915976715
1463676030162355145,729,1463676030161899089,trep_world,0.0,0.33165370868,0.970497532306
1463676030195796213,730,1463676030194258928,trep_world,0.0,0.417656138052,0.993793260515
1463676030229625578,731,1463676030228710889,trep_world,0.0,0.50416138377,0.999990915359
1463676030262447733,732,1463676030262064933,trep_world,0.0,0.59059321045,0.99600482237
1463676030332454931,733,1463676030327167034,trep_world,0.0,0.677668351873,0.989559300556
1463676030338287779,734,1463676030337172031,trep_world,0.0,0.766748993035,0.986367761814
1463676030362140844,735,1463676030361073017,trep_world,0.0,0.857330741386,0.981422781612
1463676030394515704,736,1463676030394160032,trep_world,0.0,0.948993743612,0.970370424764
1463676030429265715,737,1463676030427584886,trep_world,0.0,1.04342211192,0.959880820699
1463676030463122173,738,1463676030461132049,trep_world,0.0,1.14096558475,0.949466664422
1463676030543537478,739,1463676030542692899,trep_world,0.0,1.24527317358,0.948297460179
1463676030550856431,740,1463676030549616098,trep_world,0.0,1.35691311037,0.957870772525
1463676030561840839,741,1463676030561487913,trep_world,0.0,1.46612498157,0.946647436019
1463676030594853794,742,1463676030594136953,trep_world,0.0,1.57765770741,0.924653194573
1463676030629891837,743,1463676030627929925,trep_world,0.0,1.69698280663,0.911496812019
1463676030661808906,744,1463676030660988092,trep_world,0.0,1.81608668812,0.886796855749
1463676030695404883,745,1463676030694648027,trep_world,0.0,1.94041411326,0.860911170907
1463676030731687117,746,1463676030730528116,trep_world,0.0,2.05782370758,0.814010476344
1463676030763608160,747,1463676030761553049,trep_world,0.0,2.18291543744,0.760712738948
1463676030795431540,748,1463676030794586896,trep_world,0.0,2.32464581072,0.71792840597
1463676030829010717,749,1463676030828500032,trep_world,0.0,2.44635013636,0.644131676062
1463676030862471196,750,1463676030862159967,trep_world,0.0,2.54283861113,0.538085976833
1463676030895901733,751,1463676030894778013,trep_world,0.0,2.61628375953,0.406438726001
1463676030950031452,752,1463676030949851036,trep_world,0.0,2.66426233474,0.253080800744
1463676030962975413,753,1463676030962040901,trep_world,0.0,2.68843105171,0.0823426871481
1463676030996250220,754,1463676030994985103,trep_world,0.0,2.67206998141,-0.100342123117
1463676031029146278,755,1463676031028618097,trep_world,0.0,2.60568769264,-0.289729941609
1463676031062798346,756,1463676031062329053,trep_world,0.0,2.49794443014,-0.476514986564
1463676031137422045,757,1463676031136166095,trep_world,0.0,2.3430046978,-0.647575380483
1463676031143266455,758,1463676031143081903,trep_world,0.0,2.1411831185,-0.788671777372
1463676031160948240,759,1463676031160613059,trep_world,0.0,1.90876959672,-0.903060373403
1463676031194883873,760,1463676031194185972,trep_world,0.0,1.65515571333,-0.979057229159
1463676031229464270,761,1463676031227957010,trep_world,0.0,1.38819765124,-0.999711152869
1463676031261494084,762,1463676031261002063,trep_world,0.0,1.12331645072,-0.967404474325
1463676031294619380,763,1463676031294214010,trep_world,0.0,0.877512615604,-0.875314550547
1463676031334126833,764,1463676031332041978,trep_world,0.0,0.667886056116,-0.72916572668
1463676031362661008,765,1463676031361716985,trep_world,0.0,0.500459963876,-0.547418713549
1463676031395446739,766,1463676031394932031,trep_world,0.0,0.379181364409,-0.347564306955
1463676031429198436,767,1463676031428513050,trep_world,0.0,0.309954346332,-0.139050483694
1463676031462074438,768,1463676031461615085,trep_world,0.0,0.286459333859,0.0651054614962
1463676031513579852,769,1463676031512614965,trep_world,0.0,0.29880561098,0.25631629971
1463676031544327769,770,1463676031543823957,trep_world,0.0,0.329362066995,0.432600451091
1463676031562367090,771,1463676031561619997,trep_world,0.0,0.384471533779,0.583845590369
1463676031596037715,772,1463676031594930887,trep_world,0.0,0.460417135448,0.710975194162
1463676031628062906,773,1463676031627680063,trep_world,0.0,0.546065839106,0.815942910796
1463676031662587128,774,1463676031661705017,trep_world,0.0,0.6416960009,0.896204117112
1463676031695466563,775,1463676031694986104,trep_world,0.0,0.743393925586,0.952295380139
1463676031743606086,776,1463676031742304086,trep_world,0.0,0.849639589842,0.982213573543
1463676031761745102,777,1463676031761053085,trep_world,0.0,0.956928775948,0.996375061759
1463676031794896993,778,1463676031794240951,trep_world,0.0,1.06397548067,0.999882451508
1463676031829300570,779,1463676031827908992,trep_world,0.0,1.17081907417,0.999483031415
1463676031861835996,780,1463676031861013889,trep_world,0.0,1.27788173143,0.996643402555
1463676031930696480,781,1463676031929769992,trep_world,0.0,1.3859823049,0.996381685858
1463676031933218671,782,1463676031932974100,trep_world,0.0,1.49516161113,0.997167019188
1463676031961344416,783,1463676031960803031,trep_world,0.0,1.60511347024,0.996603695521
1463676031994796410,784,1463676031994230985,trep_world,0.0,1.71580316363,0.99415810047
1463676032028865242,785,1463676032027975082,trep_world,0.0,1.82806748563,0.994377029238
1463676032061719669,786,1463676032060949087,trep_world,0.0,1.94187765775,0.995922621913
1463676032121449610,787,1463676032120626926,trep_world,0.0,2.05646172451,0.993786590429
1463676032128007709,788,1463676032127409934,trep_world,0.0,2.17222121332,0.991532102828
1463676032162189562,789,1463676032161427021,trep_world,0.0,2.28956620507,0.990740317675
1463676032196058199,790,1463676032194880962,trep_world,0.0,2.40827689145,0.989015824302
1463676032229178757,791,1463676032228264093,trep_world,0.0,2.52810392926,0.983783130112
1463676032262973432,792,1463676032262372970,trep_world,0.0,2.64926159498,0.975316526563
1463676032314600317,793,1463676032313518047,trep_world,0.0,2.77308250129,0.967456180135
1463676032353365060,794,1463676032353063106,trep_world,0.0,2.89908550873,0.957578864957
1463676032360660146,795,1463676032360294103,trep_world,0.0,3.02188806621,0.927198050401
1463676032395677925,796,1463676032394228935,trep_world,0.0,3.14030312988,0.87338160935
1463676032428110855,797,1463676032427676916,trep_world,0.0,3.25961372117,0.810461446241
1463676032462799233,798,1463676032460864067,trep_world,0.0,3.37339253989,0.730645939237
1463676032515961700,799,1463676032515099048,trep_world,0.0,3.48301640695,0.634041322344
1463676032528330304,800,1463676032527673959,trep_world,0.0,3.59005392737,0.525930181294
1463676032562505484,801,1463676032560950040,trep_world,0.0,3.6737147894,0.393472815644
1463676032595833791,802,1463676032594274997,trep_world,0.0,3.72752610053,0.237191520986
1463676032628024376,803,1463676032627517938,trep_world,0.0,3.75425964956,0.0636909189525
1463676032662952689,804,1463676032661942958,trep_world,0.0,3.74902468652,-0.12205635723
1463676032735915641,805,1463676032694921016,trep_world,0.0,3.70600825879,-0.313540304957
1463676032740091823,806,1463676032738466978,trep_world,0.0,3.62137476119,-0.501387029363
1463676032762591696,807,1463676032761502027,trep_world,0.0,3.49300288005,-0.673999720077
1463676032795499354,808,1463676032794563055,trep_world,0.0,3.32380522658,-0.819431773483
1463676032829343540,809,1463676032828895092,trep_world,0.0,3.12114598798,-0.926961306226
1463676032863506451,810,1463676032862776994,trep_world,0.0,2.89576803094,-0.98781474306
1463676032918340918,811,1463676032917726993,trep_world,0.0,2.66096500251,-0.998104939735
1463676032929916974,812,1463676032929251909,trep_world,0.0,2.43037867045,-0.9604684253
1463676032961446590,813,1463676032960930109,trep_world,0.0,2.21640179899,-0.875087727646
1463676032995433784,814,1463676032994955062,trep_world,0.0,2.02999766208,-0.752481115259
1463676033028881241,815,1463676033028395891,trep_world,0.0,1.87965707367,-0.598917082659
1463676033062205815,816,1463676033061706066,trep_world,0.0,1.76598513014,-0.428988462994
1463676033115114671,817,1463676033114731073,trep_world,0.0,1.68233814661,-0.254915853236
1463676033127822215,818,1463676033127439022,trep_world,0.0,1.62253198021,-0.0859338253996
1463676033161188741,819,1463676033160610914,trep_world,0.0,1.58730379102,0.0741805262804
1463676033195418483,820,1463676033194933891,trep_world,0.0,1.57638799353,0.221210549932
1463676033229212361,821,1463676033228713989,trep_world,0.0,1.5896310089,0.351712068489
1463676033261946145,822,1463676033261168003,trep_world,0.0,1.61676301611,0.466458614412
1463676033332834610,823,1463676033294260025,trep_world,0.0,1.65975322784,0.560879585062
1463676033352249529,824,1463676033351526021,trep_world,0.0,1.70878038113,0.64141691814
1463676033362661400,825,1463676033361393928,trep_world,0.0,1.7589228466,0.708784410923
1463676033395567442,826,1463676033394815921,trep_world,0.0,1.81269535148,0.76209141481
1463676033428969514,827,1463676033428376913,trep_world,0.0,1.85844094162,0.81407011508
1463676033461773040,828,1463676033461348056,trep_world,0.0,1.90017890536,0.859731818903
1463676033533548674,829,1463676033533168077,trep_world,0.0,1.93665538537,0.904194992513
1463676033537478034,830,1463676033537220954,trep_world,0.0,1.97284894968,0.934757690897
1463676033561846134,831,1463676033560655117,trep_world,0.0,2.00868880369,0.956332884911
1463676033595047736,832,1463676033594157934,trep_world,0.0,2.04020885564,0.979601033153
1463676033628866019,833,1463676033628048896,trep_world,0.0,2.07133371937,0.992033800377
1463676033661703943,834,1463676033661084890,trep_world,0.0,2.10190641278,0.997562308657
1463676033722909651,835,1463676033721235990,trep_world,0.0,2.13183810878,0.999957266471
1463676033741478911,836,1463676033741117000,trep_world,0.0,2.16159828605,0.999131592071
1463676033761853110,837,1463676033760973930,trep_world,0.0,2.19166399027,0.997055680295
1463676033795233350,838,1463676033794234037,trep_world,0.0,2.22244214793,0.99421641834
1463676033829182696,839,1463676033828393936,trep_world,0.0,2.254275396,0.990690048349
1463676033862457398,840,1463676033861938953,trep_world,0.0,2.28762541311,0.98764634592
1463676033894969611,841,1463676033894445896,trep_world,0.0,2.32327800228,0.988498529707
1463676033927610621,842,1463676033927136898,trep_world,0.0,2.36100918423,0.991779829188
1463676033962045179,843,1463676033961045026,trep_world,0.0,2.39990204784,0.992598667009
1463676033994882749,844,1463676033994205951,trep_world,0.0,2.44008946031,0.992864956315
1463676034029218702,845,1463676034027566909,trep_world,0.0,2.48164250052,0.993490608387
1463676034062354973,846,1463676034060880899,trep_world,0.0,2.52422064834,0.991918987095
1463676034136258742,847,1463676034094614028,trep_world,0.0,2.56814687612,0.989885567109
1463676034155027910,848,1463676034153630018,trep_world,0.0,2.61448419175,0.994538833287
1463676034160793221,849,1463676034160401105,trep_world,0.0,2.66217075204,0.99613896574
1463676034195723684,850,1463676034194334983,trep_world,0.0,2.71093733063,0.995498727657
1463676034228726651,851,1463676034227802991,trep_world,0.0,2.76090126068,0.99543727477
1463676034262012520,852,1463676034260545969,trep_world,0.0,2.81171453966,0.992336731822
1463676034298746174,853,1463676034294368982,trep_world,0.0,2.86353716582,0.987030014064
1463676034332272900,854,1463676034331473112,trep_world,0.0,2.91633639163,0.976844302703
1463676034362243773,855,1463676034361387014,trep_world,0.0,2.97072888523,0.963436476562
1463676034396151061,856,1463676034394861936,trep_world,0.0,3.0286566569,0.951706386663
1463676034429632335,857,1463676034427973985,trep_world,0.0,3.09028379304,0.941077198024
1463676034461424702,858,1463676034460987091,trep_world,0.0,3.15413858834,0.925811812971
1463676034540198739,859,1463676034495095968,trep_world,0.0,3.2231938742,0.912240819821
1463676034544121155,860,1463676034543303966,trep_world,0.0,3.29449987593,0.893327229696
1463676034562165733,861,1463676034561501026,trep_world,0.0,3.36342351396,0.858595303323
1463676034595002397,862,1463676034594399929,trep_world,0.0,3.43595464799,0.818564046976
1463676034629104189,863,1463676034628159999,trep_world,0.0,3.50689177482,0.766641456961
1463676034661718082,864,1463676034660967111,trep_world,0.0,3.5708364534,0.69477412312
1463676034695221747,865,1463676034694340944,trep_world,0.0,3.63030022309,0.608356324692
1463676034735314108,866,1463676034734658956,trep_world,0.0,3.6786368526,0.502870596838
1463676034761537733,867,1463676034761085987,trep_world,0.0,3.71888004256,0.381526551256
1463676034795328674,868,1463676034794394016,trep_world,0.0,3.74542352585,0.244779373148
1463676034828311799,869,1463676034827795028,trep_world,0.0,3.75308587494,0.0920571439671
1463676034861832200,870,1463676034861043930,trep_world,0.0,3.74755912308,-0.0724082654994
1463676034895016006,871,1463676034894232988,trep_world,0.0,3.7099791275,-0.24362942712
1463676034941287653,872,1463676034941108942,trep_world,0.0,3.62629786197,-0.414032856714
1463676034961855707,873,1463676034961471080,trep_world,0.0,3.5092505167,-0.580633356606
1463676034994646987,874,1463676034994188070,trep_world,0.0,3.35508348533,-0.729062127178
1463676035028290161,875,1463676035027582883,trep_world,0.0,3.16735693949,-0.854019757133
1463676035063090256,876,1463676035061065912,trep_world,0.0,2.95554909194,-0.947326798935
1463676035122231665,877,1463676035121786117,trep_world,0.0,2.72497895693,-0.99455138934
1463676035127900664,878,1463676035127528905,trep_world,0.0,2.48855938966,-0.992234022512
1463676035162606743,879,1463676035161550998,trep_world,0.0,2.26041927444,-0.936968026622
1463676035194479779,880,1463676035194057941,trep_world,0.0,2.05350172413,-0.836269935221
1463676035228505268,881,1463676035228007078,trep_world,0.0,1.87848614367,-0.698279321288
1463676035261427579,882,1463676035260987997,trep_world,0.0,1.74151691417,-0.533913635896
1463676035323180864,883,1463676035322870969,trep_world,0.0,1.64882384657,-0.35324846573
1463676035328951966,884,1463676035328546047,trep_world,0.0,1.58543302639,-0.170179342301
1463676035362102291,885,1463676035360903978,trep_world,0.0,1.5481827348,0.00442221685334
1463676035394826345,886,1463676035394356012,trep_world,0.0,1.54789894127,0.168469312574
1463676035428283053,887,1463676035427624940,trep_world,0.0,1.56429689308,0.31939679499
1463676035464475715,888,1463676035461025953,trep_world,0.0,1.58442111428,0.458103017021
1463676035495131935,889,1463676035494250059,trep_world,0.0,1.61304347224,0.580629603257
1463676035539276803,890,1463676035538992881,trep_world,0.0,1.64908047852,0.687390577761
1463676035561821504,891,1463676035561362981,trep_world,0.0,1.68817131409,0.779781622144
1463676035594950881,892,1463676035594238996,trep_world,0.0,1.72413558269,0.866415605934
1463676035628719708,893,1463676035627866983,trep_world,0.0,1.76476420567,0.928824903574
1463676035661478868,894,1463676035660906076,trep_world,0.0,1.81276457298,0.963059223495
1463676035723102198,895,1463676035722790956,trep_world,0.0,1.86146579069,0.983176331356
1463676035742989652,896,1463676035742135047,trep_world,0.0,1.90983855761,0.993705998543
1463676035762092917,897,1463676035761523008,trep_world,0.0,1.95750815807,0.998604061562
1463676035795655593,898,1463676035794882059,trep_world,0.0,2.00470389971,0.999984878136
1463676035828321590,899,1463676035828048944,trep_world,0.0,2.05183793652,0.997566431943
1463676035864957696,900,1463676035861706972,trep_world,0.0,2.09934088238,0.991002201735
1463676035922633855,901,1463676035894921064,trep_world,0.0,2.14790202237,0.981915883879
1463676035928934506,902,1463676035928476095,trep_world,0.0,2.19824480218,0.971808239436
1463676035962859390,903,1463676035962337970,trep_world,0.0,2.25035946928,0.958582317005
1463676035995421781,904,1463676035994182109,trep_world,0.0,2.30477413365,0.942285873969
1463676036028787938,905,1463676036028326988,trep_world,0.0,2.36281037367,0.925530337681
